17551581618
18248533151
13175952317
17798971828
13121573882
18758394688
18960235908
15320074912
13655965065
15668463544
18053514783
17333129649
15646737877
18954077639
13355180323
15990777070
15151225252
13341225364
18954087591
17357921236
17829500927
18811554755
18014649928
17775796351
13620212572
17701915823
17701698934
15024574220
13915641939
19848333694
19120819561
18368420121
17775267757
18221112425
18065592208
18587459398
18358037250
15373670857
18621565763
13567946165
17300087741
15192150951
17115980008
15017348070
15975361995
17052720600
18032641507
13085602769
15659705659
13155313176
15736741771
17708028660
18756869778
18659003072
18352155237
13882318841
13055556765
18511521582
15303845930
18063235437
15062903985
13003880458
15961225893
18139509265
17080050765
17751162171
15684592567
13222972345
17768097902
15132662018
18049293708
17326162212
17348821905
18511526952
13126709187
15757995416
19904510386
18072682355
13220875013
13048032623
13121362623
13371233027
18126149006
13321195095
18720795607
18751103393
18102658926
15011314923
17882298618
18360505363
13812805767
18816452036
15084734707
15963939769
17718116421
13886093862
13691086078
18257630516
13023930735
18851150058
13646797535
15358842920
18561361726
13187506414
15356996627
15372675802
19168286110
15355344389
15652402209
18659905981
18069962781
15325985723
17805297639
15355393001
15771296058
13085656975
15571802922
15962497607
13613361736
18510927211
13352847543
18906602680
15688885774
17805394092
13185106962
15064569592
17346574302
18178393380
17062162656
13324056262
13726253842
18554827010
13663165608
1335284754
15065984333
13156365073
13152010321
18972645503
18928376280
18818940303
15824009637
17724246602
17704079308
16609166020
18058881267
13175157528
18050996661
18301357061
19852675091
13383026901
13281000318
19846616663
18558816265
18510687110
17357214809
18695728889
13160874503
15557962558
15063972903
18108208449
18359193107
13858418485
13570882331
13566966299
13030870871
18361238667
13838550461
15510023344
19895277179
15868882815
13540435546
18662645607
13053363507
15602447376
15281216921
15626056145
17600883306
15279739970
18954759565
15080334487
18966007579
13535161824
18910548103
18510927022
18069989370
18948597377
18663962251
13454959238
18060479947
18806765085
19850688755
13632715390
18757971753
15725242235
15506214888
17804716800
18513098416
18757853268
18207601023
17798975655
15251278959
18136773215
19967436581
18676855737
13220199103
17331663413
13431039227
17348824905
18392064145
17620910086
15867971096
15169715065
18913626947
15895610090
18561101718
19959536181
19976698171
17724279056
18606272322
15382322989
13328028141
13118869999
18953751022
15356898950
19924959095
13106225771
18067615596
15378529897
18661441097
13822282522
15255331535
17322815586
18032641570
13326451022
13927000967
18805127000
15375078299
18062153081
13318892086
18665665066
15267365670
15360818815
16609166050
13642504238
13718538092
13841074186
18857550976
15751237666
18059800506
15876893707
13006737999
13049980620
15677772316
13053830520
18662329172
17626015391
14701543757
18381181651
18064505542
18606106224
15830720587
19967452459
15088248845
13762691550
13666633915
17551852506
19855010610
18050897256
18257701790
1989527717
13313886057
15361025703
18271917340
18322092856
18751257056
18827385554
17857406801
15096313987
17706897992
18079485110
13454987071
13998870991
19947597577
18547186530
15102768070
15210090013
13736781110
13009031968
18192329353
19825593740
18312846715
13335893198
15831922697
15165395833
15302742121
18060729705
18114953133
15384647431
18057912775
18053744261
18367397227
17160038050
18991363308
13207174172
18520373046
17664617030
13981627117
13318324612
13110885653
15589626382
15706798129
13211000194
18367988340
15093835883
15355586580
13824440588
18168137220
18762730378
13773063303
13435639377
19951347505
13140888348
15757136383
18606882469
13675927709
15326715851
15751211620
15989169215
17660707231
18069927811
17740881484
15002757598
15220256088
15084840431
13508920506
18936679116
15766997790
15570912779
18176333883
15975572440
18369379627
15061375305
18612058352
15151213097
18351196030
13762579973
19831476586
18787451585
13256286051
15371539218
15915361991
18827074698
18053592065
13824378070
15751572583
18515913416
13051893995
15527216647
18300101905
13378696396
15249963222
15700127705
19984779916
18639897928
17301282734
13011822261
16601347844
13173673985
15355356627
15838166934
15779781579
15610122023
17333967266
15318517023
18172064968
18040589691
19975211519
17716113867
19855010509
17777835971
13316941692
18508913392
18268388620
13815687308
18811330279
15622125811
13833254722
15184713346
18064099091
13812829235
15880770361
13656664767
13588268427
15298800560
18782108997
13029988432
18072340006
13141510702
17660240063
18014420277
18951398586
18971095839
18646246868
18861909678
18321239735
18865921079
13382154173
18936099993
13246823182
15151228731
15622727559
18251250643
17673101056
18102215329
18915631679
19905798005
13777511087
13488232524
15239404971
15705000070
13817549005
15819551454
19979785530
18911173379
15050920420
15245621322
18612180227
13259918164
18913690688
18575683113
15151771246
18129876150
13723470146
15156425509
13913678491
17703863729
15557157563
13534213914
15926485935
15240309333
17512021501
18327174709
15986908318
13452586652
13055551666
13760907990
15127779371
15845678095
17828837405
15829065230
13811038787
15924147941
15603059956
13897965665
15828163142
15136438095
13348691812
17750913906
18115391035
17774017797
18291962186
13373835831
17753595248
13175157527
13168846540
15250287723
17562775229
15557293308
18731664220
18895771161
13100622577
13151376370
13335961711
18721343221
15658909663
13311266357
18072391862
13375896889
18102835960
13800000000
18053248923
18183191493
13932158008
15689159562
15640896500
13560007032
18006990879
18226627752
18206646279
15573323522
15960362442
13732650549
18789892627
18518259892
19924465505
18753660333
15989111502
13310872894
13627916303
15502645525
19906815985
13173697731
18910261790
17369738123
13302779116
15957488988
18550185978
13002657160
15995845263
18858888888
18539598116
19941910080
18678596971
13615880653
18289427695
18650256362
18240253097
18951253351
18142088682
18613189256
19902919893
18868558563
18966496252
13913937503
18145143754
19924465550
13722090403
17531896301
18250522888
13105597283