18657919926
18954100701
17360920691
13357124285
13255555899
15810371514
19913145745
17801442447
18960706444
18601253306
13926566236
18025859147
15932199515
18906524667
18221873178
19878241119
19924620495
15001916037
13968867166
13326823311
16687256391
18600345910
15927171670
19937786239
15572861166
13510294642
15360699155
15225432422
13950007484
13859033328
15552895103
15605929488
18676190702
15706749081
13306601309
15997574071
15920997819
13958759263
15067969961
18168133691
13823721483
17348830678
18155482822
17724686306
15272913700
13798267799
17722169160
17674068812
17381596684
13070232222
15919913123
15399376663
19857712636
17509178520
18985884979
13910694972
17681868506
13466524218
15807206560
15105606067
13369589127
18068235456
13566667133
17507242323
18995903187
13362946916
18056119996
18586011440
13671925745
13067096546
13265004758
18770152526
15231919515
15805792965
15701644373
15873158282
13308221217
18661702376
13732699051
16730571177
18654513837
18965379273
18758828183
18925115769
17772285397
15301706740
18186756297
17353908202
15092172777
13938298371
18347577104
13912176412
18120416651
15371669210
18003579139
13092629156
13253427510
15927276960
15553505960
15007491987
18367988581
15899156687
18888158121
19969012621
19890559044
18301523197
15010321032
13377239305
13335326077
18798780891
18858273141
15053152608
13642228150
13479465036
13961305656
18129568613
18668888018
17773319028
18205125200
18328134493
17758021458
13095795020
13589719815
15806032856
17798372253
19970193523
13792823077
14755985333
19904510387
18710303257
13738975808
13144223223
18027475776
13642767599
13318322385
15757124135
15306798108
13413969944
18205125375
15195953060
13282897077
15980540686
18938641498
15321586803
15639089431
13353901119
13418557179
15808123832
13747572888
13815461065
18236133771
18924318391
15226915775
17313674080
13156013030
13356934039
17705990451
18210189634
15528159983
15028837825
17719761767
13802516226
18163866657
13959562949
13731811461
19924239590
18550090108
17303948810
17322318737
13773095178
18012007940
18650207565
13375412036
18022483580
18906027410
17620810086
18036697116
15601654288
13053576309
13125333693
18267238527
17310925570
18572842650
18218885048
13870526985
18908387877
19176612646
15268684562
13325219185
18246069104
13141504000
13583575218
13570926490
13363691291
15005120408
15737012510
18640693386
15779558666
18693097027
15396560572
18200153986
15723891855
17838152772
13338576215
18126800457
15302749791
15279871813
15804040434
18251691756
15260066966
17600025979
15985776371
13647737012
18608110398
15669537210
16647557873
19905927473
17724209827
15850813738
19131777254
18872346305
18270632201
13973555255
18669477989
18413375817
13573567920
13291091353
13176147676
18696972781
18059513953
18932455713
18057934558
13157970032
13351111184
17068839066
15553640638
13996119568
17260375895
18138410089
18275836891
13229998262
18671879316
17752763288
13543408992
17357991385
13795259717
15590700222
15524205612
18251279848
15368156676
18682850183
15564958823
15659356712
13767532024
18599560115
18003579136
18136592207
18150808616
13810536632
15877513899
18360604377
13706550385
13503703810
17751837676
13780468988
19913821380
15831883920
15055803391
13588013733
18511521852
18562000528
15870653507
19817995506
13998800440
18058934958
15380691273
15292158828
18092400095
18623905820
15205698590
18658335511
13208441110
13602301309
13962396965
13718310308
18095660389
15157945663
13914933739
13067813668
18879555787
18867920289
18659229619
15895593110
13738632019
17857256676
18966130013
13699143422
18058905595
17712085357
13781794998
13532545772
13958615831
18038730975
15062969665
18867945632
13478052122
18015641817
18745738737
18913526626
15962332186
18559658615
13733850097
18057960262
18375046115
18705662684
15207398133
15216205059
13004522927
13179288013
13092370050
15827312172
15895797230
15371663866
15643719687
13085131813
18367183285
15658945355
15013920388
18678489608
15936290983
17736543021
13931436546
15818500989
18022387858
13957947346
17691145333
17751539333
18680069301
19817995076
17623079316
15818526420
16671046070
18265061398
15541888311
19157662316
18279093235
13862313070
13011281701
13710704582
18016321195
18251691759
13647041588
18102558118
15011223323
13405128295
13633160311
19861584619
15825594418
18716013057
18008640500
18957971316
13806531906
17771883500
17371437879
15962243045
13291609192
18743096947
18624613888
18059822044
17535821603
15396600361
18118716452
15553256103
15688518119
18150569537
13234445456
13500220909
18662685272
18715661958
18857281374
13732405099
18032715238
13055958532
13164817113
18266654848
13316122353
13240209277
13338027303
13814724887
17609839797
17382126726
13392829926
15104312348
13758820801
13600193567
19856465766
15669553575
15910702751
13871518530
17614655724
18238060653
17392268233
15757355520
18123621057
13722880315
13680791551
18507145191
13840248518
13879478477
13205898335
15024566003
13592867627
18997370922
15509295567
13666066121
15657927140
18487533983
15184587000
18996571586
13040731023
18855064550
18333730288
18690116391
17857494084
18172216899
17387900601
17326597996
15763528337
15380683399
18127899249
15757267502
18595675529
15961816631
18629423458
18061311358
18768288274
18837029833
15268664932
17731786113
15882414380
18762730772
17206023629
13762354168
15929728969
15061352646
18651254414
15154717345
15906799237
15530442311
15910845289
13755838150
15851532701
18021328573
13851571681
18732119828
13882179511
17794384300
15858121040
18807080614
15294757512
18344894664
13368798856
18838198544
17637099770
19858911262
15238055094
19884510818
18668007117
18155700234
18027007800
18568773663
13851203474
15931623195
18045133188
18982124810
18687103872
15212559000
15157621833
18756870871
15980223820
18324398684
13359149535
18998319912
13583324105
17111133595
18770951712
15503801123
15175921113
13004528964
15670478777
15030648456
13670484777
17718581971
15895516083
15366225943
17863205818
15954332676
18825128254
13023871198
18238089189
18636679992
13416188099
18176093144
13888682106
16606107096
15381748211
15267853872
13333837458
13058961397
13416883640
13786115358
15111315148
13053651255
13076959020
18390816654
19924293404
17773033337
18795527087
15229938900
13433740326
13671876652
15953275225
13145059588
17762671989
13512734703
18669491818
15298771386
15620893257
13843436846
15220286088
13070221669
18126810963
15051152235
13355478978
18900365161
15613957981
13862023888
18928954755
13060433858
15369786356
15632622391
15666421918
15889916989
17390923880
13771752365
13757086057
19858993515
18303321765
13223051889
18914921996
18320956103
15870712205
13323993919
15922053520
17667182668
15108205788
13616512558
15050300995
18751238323
15865555616
15050062265
18691846102
16601134207
15284004883
15022098090
13459112772
15306899811
18851025010
15999648144
15166933553
15074323982
13754423456
13505058616
18979569576
18767916916
15067115521
18501491013
13055765106
18218747530
18029519771
15107958823
18837228890
18905202218
18032777771
18406326686
15293406648
13757361181
13934373222
13057937578
18951252335
18115458713
13609829445
15050587470
15880581837
19883324884
13041772333
17706449019
18629651969
15602090442
15225021330
15567950791
18605761222
18506296408
13600556065
18351738979
13070216545
15317216618
18116196617
18385878788
13422322285
17722806286
13231165308
15924287080
13957433376
18568556106
18077592596
15899666686
17727978985
15922227828
18927589499
19974823351
13799689568
18081233495
13839836111
15023250243
13810344588
18710270564
18072451398
13738384798
18360506011
18009946578
18404805977
13758237082
15658597761
17749652208
18021935080
13019185055
18281071553
15202847881
19112806781
13574892727
18112014540
15887089915
18908722825
18900322027
18769592907
15377399802
18156683832
18538320102
13674018215
18785136406
13160383551
18261771664
13072488836
18988063536
18065437272
15637031165
13371375743
13325831486
18152403440
15257119991
13382514173
15075123310
15041030783
18867958535
15141227412
15225725780
17682457317
18305811668
15091209388
18962309276
17718306586
17642003663
18075041188
13202143111
18740141456
18991861813
18600224921
19126701678
15375736031
18767151149
13501968209
18519535431
15356966018
13510436990
18650811228
18825966687
18803211208
17750785212
15517072226
17302658040
15279192993
13647906158
17520397669
18115339873
15394923622
13225317160
18993337009
18906316025
15990079896
13335976608
17877998517
18991393931
15634358976
13028817719
13718850208
13456006779
15534835898
13434136619
18691861813
18324443221
18373128887
13935140340
13395630858
15195740880
19167833665
13573285565
17865600622
15388662054
18516168565
17303564086
13929534780
15144481630
13325811621
18070290747
18853795455
18088006941
18620919427
13035293990
13581885921
13790088860
17138855601
13814448007
17675722394
13280596170
15377227852
19928421425
13855620741
15700098093
18862742639
15382596699
17335733920
18859908543
18396089697
15371661177
18932457132
13930450671
18582540889
13117141999
18928378107
17673107667
18960566539
13059506339
15112307830
13734015695
13920091755
13960889261
15309273989
13711112026
18511116884
13615761110
15958928399
17335256255
13621621518
17630778140
18082201631
13070227965
18223333466
18166088018
13336167681
13453111706
13342931301
18646289790
13270615560
17036360881
13041822886
15837135733
13089420119
17762075426
17776760870
13624279224
13819031900
18138536019
15553646038
13805687620
18959503231
15860400492
18122432727
18090555520
13989871881
18990207500
17770616554
18665668192
15227118816
13575722293
13733971696
13162512036
13724366597
18911005957
15514966815
15355450580
15874880545
18238480328
18339593227
13380733911
18024965653
15993437877
13806833968
13986600428
15159632126
13811686956
15159871559
13776060961
13630089525
15371543666
17751806873
18126381494
18665341424
18938651435
13511476946
15051247278
18802084849
15315867776
15061375752
15262028231
15757924888
18665663344
15296815863
16696357999
13484654168
13587662558
15933583957
18826764090
15251289625
13925791139
15996126061
15873335966
15831886422
13693774123
13023408102
17372208171
17771773521
13339119536
18934580753
17354264961
15365657199
13786391339
17520467713
15116961299
13646199852
15738801787
15862911588
18912021245
18862092937
18702366096
13151707111
19978252558
17776303653
15107363588
13671923836
13073971985
17755205518
15833782570
13925169801
18267799936
18931137981
15345899286
18679835668
13715815567
15801284151
18863119991
13924850520
17368460890
18665557901
13847848444
15152140202
15988715303
18015698619
19826127100
19864658481
18114288815
18688462678
13275094999
19937652735
18641213815
17746513517
13102837586
18609426250
18538756661
13160865005
15888655593
15131815886
13005155640
17181576923
17851234443
15276462031
13167000208
18027463650
15808072994
13450613561
15157705877
18036567175
13323260611
13050014561
17716517578
17367913202
18973150263
18538285051
15979880288
15731734551
13521915342
18375784765
19934387068
18750834561
18942208227
13360409507
13858906204
18525309525
13535320771
13693693688
15190702253
15910182755
15999900033
19973727877
13566977527
17521369452
15065996675
17736557709
19940776116
16809216969
13446391666
15112579566
18673375898
13905797270
15001881660
13522108487
17787877792
13833684695
15255728862
13590023090
18618300959
13195375369
18069900616
18055333522
13812817540
18331685676
13582005960
13951493084
18857967322
15056658108
15158967990
19895961888
17673616683
18874151409
18123277603
13810178242
15688880021
13862339947
17806347778
13923819806
13377770023
17352958010
13539893816
18778398801
18157100153
13326083707
18676882281
15305899352
15803992290
15259792031
18668005970
13962261048
18676973025
13187702440
18240400883
13810236204
13466554567
15970533324
15955222253
13567140770
13951360888
17601600685
13922190089
13775598435
15229222601
17638290031
18961892216
18053642008
13755956207
13284721662
13860066890
18601370556
18663021760
18171700816
18057977823
18276362953
15117252653
18384110605
15028143604
18923448802
17734380701
13557016908
15140087772
15957981755
13127081885
17337679765
13912305107
13979602027
18008825591
17362038763
15038003430
15259078003
10571323983
18678780068
18205725002
13287849560
17696873633
15612846054
13855278650
17615151917
13713173977
13459026543
13050054561
19961926879
13711593959
17721101207
13188870222
13123781783
13631505488
18865910175
13587810017
18768487115
18221992014
15305128883
17854170919
18058967118
13165016118
13757683428
17715257425
18015266028
18599299518
13345917317
17603443694
18856055871
15706632059
13628073161
13396522955
15001381268
13982822249
15824077894
18312949219
13323869832
18596839945
18159703767
13343980600
18157528611
15800772393
13083245258
15958381418
13586497529
18977056858
18967966627
15991611599
18674562727
13777815555
15919085838
17334382021
18128059212
15267143468
15106579886
13523110390
18936688827
13333862853
18106769899
13140323999
17731774066
13970519266
15694387799
13623570782
18058247118
15868527008
18025361547
13931705220
15990733088
18306701175
15842529336
18559597790
15004045517
13814408373
18404771112
13917899246
17362225757
18726250022
13670486622
18662538982
18363321478
13603564434
18903987800
13378821581
15160859157
17681738228
15543186600
17633506214
18746055662
15268709806
17159637765
19933745999
15850022219
13258241862
16602568395
18948902144
18765269998
13735365912
17731896235
18630659494
15871715726
15996663499
18709807733
15911507357
13357626786
17715518027
13269329089
13689556521
15626421916
13413191352
17097114123
13916180683
15113807797
15124597727
15669582147
13065605813
13410971797
15941222172
15239781118
13032657872
18660111337
18058424589
15853769461
13012983121
13750081960
18228074600
18927635159
13712820150
15258869396
15167397388
18106842105
18191556022
18650267140
15938123666
15505442128
15313867552
13712541248
18879620636
13416137977
18438372789
13141813545
18605897897
13302760273
18926578233
19821296131
18672887462
13582001950
13718485924
18205996277
15632123523
13810571785
13146820353
13690031631
13160802208
13556134602
18853101897
19879328062
13606359421
15169395275
18261810098
15057924080
18923784019
13914037177
13049999582
18188622610
13845647827
15319488191
13863600400
15868785287
13433562219
15900005418
15371266183
15227315128
15837963596
18328615439
18658896578
17307037065
18962498866
18602023253
15070368087
15888879586
17374794981
13760457996
17675629102
16606939688
13888504374
18750228881
18835927291
13147258909
13654511713
13913534502
15857733728
18567113788
15868368120
18072377222
15621342700
13118612578
13054977774
19956786589
13316247537
13868612125
15051195735
15888599237
18170723256
13815707075
18006368346
15873333596
13588331547
18816963306
15640434426
19105961266
13548744026
15907708598
13372878060
15565608387
18163255830
13626945558
17798971018
15737186686
15108464087
15161166327
17612588952
15887558656
18551095738
13913996887
13058223683
15003783080
18451123521
15701329068
13259913594
15814193616
15097795595
18094132046
13326002831
19141000316
17860979795
13379916299
13557613413
13484064066
13832343849
18249080947
18806890152
13082533669
18068539610
17705845659
15995035351
15014846858
15912969619
15250129223
13713171977
18084500080
18105398649
15877845845
15370658097
15966040019
13625296517
13372707710
18591983780
13147206389
19826126531
18913635833
18667623222
13971305402
13527742035
13351253562
13718159272
15979533324
15946369011
13343457345
15879999974
15040496480
15722532729
15889568752
15937218497
18229501686
15168456099
13249829738
18026419031
15589779339
13314532669
18122968244
19933134045
18722240074
13325295468
18655896578
13302382546
13485079398
13861013918
13844331490
13705343631
13147258096
15218678748
15030779881
13346802000
18029904395
18610686786
