18769634728
15882354208
19971987519
13265122019
18059826390
18257899771
13267081375
18861318242
15268885298
13211111111
13175620777
13673295952
15110320830
19902457793
18157308745
15996127080
13432341669
18248508308
15731747011
13773023575
15024545561
15701204328
15762838068
18070357707
15134064563
15238083180
15069995375
13175815752
15727960448
18762383072
18377422206
17851836018
15250635756
18631667416
15355121226
19883392092
13954560927
18561087314
17825842901
15604505296
15050602827
18765816572
15150380592
17706591570
15189012092
13469963112
18971638455
13802416557
18761310987
15551401208
17107734395
15807207971
18365757593
18740671181
15034567862
17521673372
13147206387
18255469009
13913672474
13840415237
15857332893
18232882966
13950330744
18581813676
13814913218
13157202159
15933019762
13733533343
13124221408
18991888669
13527872821
18701258025
18017048929
15393148654
13482478670
18233997780
18165932124
15511381128
15998084337
18253265730
18157466307
13423908584
18270787645
15002106532
18346736525
13335083404
13969503175
13286587628
13226669164
19170582897
15088289676
16620097927
15506199939
18625911468
13212697405
15691485527
15142245309
18013780067
13961449773
18867909767
15102101430
18612431919
17663033606
18674452710
18072336596
18563626507
13057844620
15769129499
15882633464
13840365227
15641237668
18820025730
15657496803
15230138868
13030067030
17328840867
15626668086
19858978968
17312886162
17323555833
15705892899
18060843679
18792185885
15508691616
13525513988
17700083949
15779794757
15029044885
18000719614
15047932507
15100198641
18753316988
13819325373
13618194423
19905183773
13403311163
18856750803
18877665081
15150966506
13392625140
15572285560
18027415091
18329021688
13006042767
18019967113
18036737567
18563093292
18473325553
13686932500
18751252707
18578796652
13809825822
17858398761
18971095837
17327180808
13799522701
18606778757
18065405542
13814389663
17508296789
18663058170
15370378910
13335539942
18954100185
15190159871
18372682110
19952302706
15068183675
17860574614
16687256889
13356202523
13814579182
15001217580
18811308232
13924225447
15779119280
18738112872
18962591756
13160623323
13082529341
17713648113
15984692043
13629166169
18774133927
15958928782
18596771419
18233716432
18909559578
13534027832
18888190018
13233649563
13862318808
13799998354
18960116797
13959886098
17378278161
18560215051
17650501133
15606099067
13670831565
13764720257
13578928764
13822192990
18331789532
18666814007
17688870003
18991332280
17638911527
18305122520
17722896283
17766317083
15899596457
15261329999
17327185179
15966069595
13011875878
19904488363
18969891261
13378034018
18566758454
15384032659
15988525128
15868915562
19874012943
13437896561
13811545303
18958140312
18949696538
13055793066
18924187349
13007029817
15055885611
17396856996
13375557393
18178323895
15900970594
15804559854
16621170670
13068891464
13987553988
18713049417
15000137315
13013825103
18350497195
18612317322
18680788428
17720176787
15909444639
19903804275
18131702829
18767888541
18026295387
13325895831
18988933923
19117766344
16637055789
15941690177
18962323555
17372062210
18329027239
17760378557
18606666065
13247572888
13708034511
18780104224
14739221341
13095897165
18201801807
18924315421
15171732552
13784746705
18648350095
17154889221
17369736650
13399270839
18790272268
18405839989
17753535474
13354711420
18029037960
18792954848
15240326090
13924661219
18512109050
17350973398
15833929250
18007134163
18999589223
18028035790
18656287001
13643373935
13974918908
18649630098
15318547776
13823804815
19115643637
18861386038
18607066517
15084806411
17502427991
17691206120
13815684557
13371486888
18041039934
15810986030
18258839450
15613966658
18668613203
13502779116
15137025787
18993491259
13241074983
15895268160
13757089961
13718193450
13481466845
13263551717
17726885663
18829800802
15355360003
18954355778
15989979993
17723165905
13810214431
15394348484
15670288825
18606500485
15150950561
17642064912
15016898759
18661441057
15157863995
13751051385
18238707285
17769932308
17750218325
13350673718
18792333090
17350834561
17817538147
17367747796
13671907265
18823117130
18039394828
13641630883
15626792930
19926718832
18257979278
13315963830
15356918150
18189619703
15262956843
13851205851
18889198643
18028583214
17764542525
15711523762
13537007212
18180127892
13537616801
15508631927
15955583428
13048998992
19143590118
17301246549
15088303811
18661583133
13128680553
13868593691
15650797168
15214496778
13187283999
15342902715
13177998811
13467982236
18813254286
18728303265
17367112871
18782211918
18055128452
13149877777
15571725461
18022385988
15752011040
13299239174
13760627557
19831731511
15156041973
13071817840
17640114231
18668472942
13410314607
17719039153
15372410497
18963005687
17351354770
18396144073
18348340732
17712030213
18566399060
15919129476
13758132822
13388081887
13651353826
15210112668
15360583074
18103358053
15909444539
18206215982
18515900271
18359482739
15810456826
13821538653
18610866142
18232738993
17615006636
13821824212
15546693485
18358709395
13435290101
18250522555
18258007548
15810389962
13987026678
18138073120
19969283365
17816430866
13682950029
13414804516
18149260120
13293384473
18515513426
18959553332
15714468880
13684644555
13831778182
19931631911
18280225422
18358306055
19858362022
19986921014
15021331691
13122516132
18124206767
15346006383
19852697995
13909446539
18976423551
13822253545
13482980731
18367911321
18238890579
15810836504
13960157779
15605131326
18751220234
15675984528
15751217671
17551839731
13147903632
13582722822
15373760857
15296785709
13720086332
17280521221
18602146916
18061351156
13979336838
18670581883
18367999697
18006039963
13715756085
13654507100
15157375936
15376981475
13809825858
13226672652
15972553487
18057921885
15930926111
15297768607
18611408078
15900015136
18575312286
18006557501
15753033228
15334488888
18520522297
15332687582
13814046171
18676771183
18754375756
15268888208
18150588221
16651879751
18361881929
18906027106
17829231007
19862397000
18926831666
19813880168
15712899568
13227263306
13234120619
18805303853
13361358577
19103926136
18923724522
15513830659
13809892582
18317050836
13302779376
13605683852
13616121149
18966003009
13566922597
18678142985
19979780029
13301571762
18636662501
15759183842
15675580998
17768097757
13775644320
18606836931
18681046779
15297704977
17305589909
18629248105
18662733449
17825212273
13510480625
15924210070
17861432221
17689989731
15257930093
13905121916
18500898656
17674026649
18266908623
15850308703
17844252733
19155173379
15055885610
13545910309
13818772059
18971450986
13643073881
