17206020205
15324980352
13031178091
18313891948
15957770843
17751714181
13716193966
15068127049
13097577757
15244284565
18875878187
18611653629
13612083513
15833939250
13914573143
15249796376
15954441994
18515680751
13438157386
13979445378
18162791997
13031083653
18525189853
18043762586
15620633291
18710687707
17306011380
15695687927
13201482139
15051621103
18620873150
13336448886
15967769912
17743898735
15366984999
15557157576
17357901236
13560019460
18309815106
17609960935
18743390693
19857062439
13484063066
15888589747
15220425199
18679868999
18575886150
17206021783
13633030615
15895792662
15812852737
17381427137
15535969866
18081161528
15390092898
15925773970
17316299831
18805859357
19882116616
18864913730
15857973283
18905626609
13914856668
18503698301
15069029736
13812310356
19939936467
18850505086
17732809359
13342815493
18051259595
13148898320
15800533280
17857932182
15279801748
13103390619
18825037372
13736868850
15868989131
13695773333
18645364333
13115151588
15852769461
18550327026
18902757713
18603632242
15833376082
19939297255
15333113453
18531608681
13958972786
15629388958
18926280856
13777815559
13757863356
13858999464
15854280569
13722713492
17636005897
18098974641
18676196888
15189031125
16673260723
15158987857
17773059488
19991902648
18594048589
15238555273
15524272962
15895886806
13088368932
18346585321
13396169896
15268601496
13842062456
15383190646
18757077244
18339226918
18287239283
15832809099
15306791192
13178882617
18213835743
14868033737
13238855383
18032905171
15866631341
19102691837
13867443527
19832792732
18092152746
18210615801
13110929979
18966043801
13380002995
18569859409
13875471975
15270059119
18777596662
13951035561
19973628480
19951802117
18601530567
15241239908
13670538145
13163753047
13265119979
18056268899
15131453019
18458899786
18329018592
17353363609
17662987566
15138680097
13784629356
13961316361
17753272669
13675270084
18982171561
18200260028
17797933947
13011032672
13305310826
13809543023
18683615110
18064505524
15160878737
13324329922
13530816404
17798972175
15360277236
18189766328
15380688016
18811603469
15325905096
13910516070
18857921620
18651900167
13115240016
13067990359
15327430742
17731919797
16637455139
13315760825
18913185079
18830306060
13242585626
17347049718
18159589262
18562558817
18841273571
17854209081
18262835791
18862172568
15002825666
18030351789
13785483410
18913655574
18258927620
15251271766
13683697285
18867950922
13616460456
18954581734
18978067999
13512829235
19949507640
18591780362
13210590565
13868827164
13620930554
17701673666
18133481203
15087168751
18183037550
15049052292
13751820958
15968802924
13998114217
19173164117
13925419510
13079295743
18825952830
15162199319
15669593072
15549794563
17689418117
15869557889
15659753218
18349301184
13810869207
18807505399
15665562297
18248519914
15589910189
18773359090
15027788653
15175978737
18996691957
13084528588
13581999553
18957543341
15372948797
18305756560
15150129611
13418468842
15801567251
13382209288
18339985853
13560386330
13480333025
17305126578
13277450466
18883165901
13991736844
18672836991
18191699617
15802567618
16631154376
15315507145
15194213561
17327399977
13285947182
13570176060
18362626215
13697807006
13208023530
18563073292
16602019618
13176360026
13518091187
18053248930
16675813565
18670228861
18963037668
18661989786
17512026735
18537728899
15356197567
18988237739
18140377032
15533375000
14783703888
18550095505
18603726670
13012579333
13272290020
13202058484
18028751812
17783884795
18753894688
15699199577
13661097993
13958398675
18946658809
17331662872
18111171724
18270079796
15689159512
13589698162
18817144511
13812911841
13421358780
15001522559
15387073722
18857901947
18509131003
13815674557
18861905997
15381771660
13611335684
18962364103
18539588116
13775598539
13730294280
15143146291
15553579610
18577879060
15552119316
18050313597
18161832975
18022476167
17042558999
13928800449
13805869793
19116037758
15600558828
17705127512
15831216162
17306770337
19905997636
15066244179
13999286473
18036567772
13125288893
17721488998
13752591718
15097570236
13376213759
18338731133
15252171705
13913658897
15275395713
18145694872
13023615613
17689251509
18675761965
18659709909
18297767285
13484128585
14883703888
18605946133
15051196212
15160227214
13111761865
18677963870
13396034951
18103270291
13778380818
15552235351
18518814596
15906791548
18956246113
13656122259
18969061133
13946666220
13535069765
15073701008
13410718622
13333264789
19983257844
18089795832
15925636712
13967789859
15950012269
19893404343
13858961822
18371730288
17379765105
18863929908
13570250520
15268067456
17835331782
15161133990
18663633270
15807129698
18093924220
13241074893
17826930761
13757914503
