18260281601
18751256167
13942903904
15853233538
13567020075
17870474193
17776814977
15726869197
17321804132
17512015733
13707081612
18361066168
17804716829
18262757867
13736148698
17388035958
18124092452
13701451777
18027291280
18520075581
17709863729
15930144104
15011506618
15032070573
17870183937
13680575761
18151567399
18021966758
15990636358
15351832012
15195721115
13773031319
18002281081
18271911340
15255331525
13791873300
13156851352
18124594932
15070701610
13291570065
15378719891
17551580280
18162285807
13363887522
18362732467
15539505552
18640542022
18008887963
15170538065
13929608425
18958691023
13758120050
18200238290
13544050052
15177297988
18314648510
18660607251
18189588545
18057974779
15519999799
18353229838
18388543703
18646377915
15270703735
13269185499
18172084878
17826547102
15950702069
13522051792
15621000091
15080985670
13293384472
17715527796
17860697903
18886464262
18981995453
15895567219
19817935705
15881027705
15370599978
17816444362
15642943223
13071730286
18857780518
13372152130
15916004688
18795526717
18665166150
15099173578
13634134077
18361697072
13320130256
18623977932
18057861969
18170663904
13715992273
18188937123
18612595918
18169478448
18588745262
13780931358
15061353232
19803277756
13751790026
13186165203
15819651307
18796445158
15160492228
13022025017
18770701151
15579336028
18867988259
13373235302
18915650079
17798978688
13353760719
15239494017
18157540869
14759769390
19970578686
18625028001
13362963438
17701913299
15119447734
15163957611
18818409082
19826136183
19943789915
15375311581
18929582443
15359985210
13634243869
18652269666
13711112620
18558777072
19995425660
13581436133
18898329880
13915661154
17720616152
15221646981
13775429993
17857902965
13868826174
18487139971
18359113201
15695280990
18511521528
13483187147
13486448197
13293884472
18350887703
18759264901
19958146042
13553838595
18967639553
18677365669
18368292923
17728689899
18102513395
18684777788
18507958639
13313374750
13613222251
15895614090
17696869131
17721539836
15371505525
15380299527
18232785757
18168139771
17717119699
15532728683
18179670788
17563597203
19858962077
17506165683
17707990230
18068333250
13371213276
17791320954
13069131551
18695845065
13961310762
18018777924
15853410788
18106910991
14784755379
13036189998
19860688755
13538588364
18838599631
15366659712
13004511578
13196629619
18028573214
15381712123
13107995351
17816933981
15068864571
15190075276
18923917072
15355376629
13416500007
18182407907
18642240444
15987881501
18731780824
15366434666
18762740675
18069985234
18873911110
18102696791
15372166183
15373571819
13676270921
15252848885
13966310705
15325149759
19131223986
18817144577
18056399750
13735542262
18520196168
15050332806
15253167673
15321633631
17600236503
15251277099
18833777208
18102701229
15190005758
15715510556
13731752601
17609881484
15980092152
15014028269
15370922933
18115131150
13019315093
13725736772
15205127987
13121661230
18605534444
13647459909
18584550882
15299940530
17121222222
19895962530
18660015181
13812962655
13983571384
19934534178
18664651205
13731915531
13616226720
15630793944
13673171742
15363481890
13560135003
13311179199
18731664320
13147189432
18349954677
18212448989
13205887982
13926357488
18200133780
15702031659
15762267356
19857983032
18569487666
13723650384
18057994486
15996125586
15968240501
15118107943
13961314008
13173852610
18500528815
18000171911
18939296285
13576069339
13017972113
13808009757
19917906299
13695807717
15702483130
18648264879
17751354770
15361478094
15250996380
18511271850
18015632033
15857386828
18305697786
15751233309
15918914093
13124221448
18820783548
13431039250
15067802100
17782099006
18210027145
18956886922
13626863287
13152010302
15751237525
18278406298
13362998579
18519843364
13172093837
18240275872
13775987641
17348835020
19861059013
15168241701
15696495553
13763988313
18069993173
15967975812
15268885898
13256620175
13302774926
18267095909
13105010706
13665847448
18665591219
18073295579
18218313920
18390731898
15677970810
18520576118
18704109966
13057050595
18369687970
13682926474
17616202088
19989008676
18071065324
13588453993
13192949224
18243337133
15250911891
18936106697
13628825558
18885203934
18986725469
18729177925
18806072707
15050927297
17369726189
15617480598
18710773946
15573358348
13915641913
13655172242
15657926827
13913651997
15869191920
19108313289
15150955666
15964178718
13588447971
18733777542
18906796781
15254939191
18273630359
18588235863
13593240520
18751253881
18457966444
13785775238
18879378800
15630794222
18613124143
18153232274
15019113141
13216703162
18098954641
15985999430
15258863967
18908226553
18538042458
17665105795
13233649536
15895001634
13350718633
18515687803
19924716809
18932792732
13546368580
13956735995
13236948656
15550062229
18688482027
18612131707
13413715243
18936611305
18079639127
13373841288
17731753233
13338951113
13236316248
18122751159
18058940657
18263503910
15659889212
17376193557
13777525820
18620763029
15900996405
18507779007
15553137252
17715112722
15820249937
15319438586
17705990776
15909446539
15388084297
18550985366
13205887987
17863751431
18115131167
19858918094
18331955593
18577372680
18507626588
18266902724
18851204377
15257110549
13761008502
15201818813
15355165234
18573174742
15862195088
18000179614
13759246651
18357637355
18006039973
17302497871
14052495050
18168137223
15751052231
13356205230
17711571821
15967717770
18676439932
15001314227
19806298233
13607430372
13048637000
17206022125
17729178197
17306791817
13242274702
15737623139
15852211111
15751239621
13851278661
17858798384
13958447453
18623722221
13341044490
13018885343
18057555565
15167183394
15252199554
13613672527
15061371118
15552220315
15322408220
19818308762
13815635853
18620132317
15079766075
18934907528
19858914374
13330578438
15603665352
17352322519
13362980066
19148188816
13127051885
13963982376
18520522298
15951536228
13732422799
13926058565
15824126358
18122051530
13967650339
15304185915
15958908603
18529144265
18654355199
17682318398
13261236950
19970558338
15160011539
17206020207
18931770568
15945168813
15231180886
16620314589
19812376601
15869261424
13671214888
13722785592
13760163344
17611491338
18621959453
15219097417
18950435712
13801481682
18675722948
13520772759
18672887512
18861310252
13567350181
18607418165
18144887770
17077711111
18194196062
19848333674
18121605557
15058557698
15827429532
19844263759
15080905670
13242265377
13993952204
18030051851
18701601017
13936602494
16631786696
15350688547
13567035831
13776215489
18939356073
13617518658
17532089628
18351176030
18611147070
17730090936
13576765777
17711739821
15157580867
18055658678
18916445815
15061374571
13142939908
13654379711
13675229851
15588135319
15705891889
15641367521
13124221449
17369599015
15184939899
19965938034
18725640063
15333269685
13082199099
13321193353
17883667709
15625783141
13347623217
18611723792
15605784520
