18120603019
18520613846
13001943897
18861311847
18168444891
18300086326
15668592167
18118784601
13138169953
15004001383
15566873675
13065432156
17600941068
13566671725
18974816796
15987840024
13673686735
13689824333
15975202087
18970131920
18768359023
18143053698
15653868818
18917332330
17785215140
19939132519
18315268742
15916618808
18265105750
15893619074
17373638219
15583587371
15039976666
13957901892
18015600756
15151218351
15727010802
13570545739
18297310078
13466607703
15518678502
17374791512
18751507070
13335372118
18059295745
18926159370
19979795535
15981380006
18815022369
15144578176
17612173923
13401268880
18868253596
13757943699
15757995440
18620236818
18124208092
13623290308
13926274133
13603392819
15217228285
15695917182
15261360050
13313607855
13306176199
15571356075
18513973188
17280963225
13211671677
13660241931
15591862790
13809825222
15151216464
13729251490
13770822872
18338447171
18649829771
18757857070
13685924395
17206056750
13167705411
18551491639
15260825814
13773063306
15560110081
18058977939
18064909091
18317897915
13335473198
17854211956
18612185104
13148977777
13840420510
17076672837
18715052815
13732263763
13803112587
15215219955
13128954600
15166366990
13863506020
18620873050
17751888095
13937008733
17605185610
19959773100
18071668869
18839044473
18361738548
18955575469
19951392367
18587049922
18758831454
13653634418
18168131185
15394656166
18368663125
18072698789
18651703389
18096627630
13860765513
18551252251
15071323983
15377929930
15062965037
17792860310
18054748529
13867607570
18254222111
18052322900
15893316668
18689437163
18059954777
13064764856
15562635530
15382575522
16807418165
13693298183
13751140487
15205637373
19895965139
19903830097
15754128877
18680573377
18344677058
18855330113
15989669588
15944701222
18152403444
13676581503
15010065226
15504909448
18387034211
13760563619
18606897122
13795156000
13019308390
13005100846
15051011875
18646960098
18613959896
15116922624
15698777776
15515561730
15532157289
13063516717
13773095539
15118151441
18268075935
15088770783
18986007269
18192088092
18367367980
18049523201
13357620207
15755359930
15935926428
15079188095
18157464983
13067602929
18889996544
15110113915
17620755896
18358930604
15150801171
15937880494
13890710429
15219377412
18990110765
15327295131
15911075527
18310461216
13122305675
18985246416
17701578018
15263291893
15303174963
18612637770
13104897777
13373237503
13815465553
15060303520
15267853972
15510012486
15128713955
19948161961
13551084656
13685175067
15573322355
18008644088
13017988258
18413386421
15957772157
18060163937
13360114120
18569361504
15906738301
18802425652
18051768003
18638062090
18612345375
13732698332
16604185182
13615784001
17816393177
15780908996
18072843691
19817080592
15024657600
13339995366
13777501382
15342787807
13306487743
15017569862
13890720429
19918292100
15550296006
17755756188
18364112395
13807745057
17741343564
18929349881
17754366913
15954767282
18907057275
15024198291
15050922668
18514673831
15555552658
13855518450
18910535730
19937816025
15356938612
13516920523
15359776777
15214799139
18861507660
18035178554
13810359867
15216863647
13355017657
17870465817
18925701725
13233949536
13645537279
13773041597
18660210667
13476891666
18036682998
18053501900
15057916829
18378549572
13946554633
15949873626
15861043211
17725652250
15996634995
15705158281
13485067275
17816923260
17798571773
18106910985
17794565776
13276929333
17121844666
15288866945
17854208529
13826462920
17711891352
15397285352
13396165780
18562555186
15168395725
18810489463
15932714239
13677235660
17601585288
18770062961
15870760684
13066009816
13773051077
18532330325
18621796698
13318894982
15010197848
17628122471
15844032222
17744872656
18652448672
13332997827
18672676644
15612189969
13275627777
17858909278
18518076149
16672045666
19928458836
19927445921
18502154452
18621707049
18482097091
13955888577
16670796373
13388620019
18500528816
13819928428
18925196588
18898249550
15867509509
13456388860
15978103862
13193781991
18573337870
15957359659
15657902375
18633340838
13304667897
13840355052
13124337616
15046369011
18257782926
13600189749
13626900250
18101396541
15051242528
17050080765
18936917131
18320775889
15090554779
18267428215
18607967758
13160088910
18172998612
18253123017
13931666461
13726405211
13961312036
15318666191
15373998091
13941962944
18660531033
15539363838
14704049678
18677786169
15252849277
15591061888
13379380715
17751689562
18914833660
13524411644
15919981844
13099899594
18908209137
13505222559
13889313478
13722922477
15241298789
15841804996
17616596908
18138484801
15392997895
19817637529
18806664293
18914752793
13500100088
18004985330
18934725319
18120659935
13830155949
17550292322
18966022970
15138147577
18150080316
18510623783
17602492353
15906867139
15182244492
17750393867
13085602169
18940608801
15751247879
15380276843
17751833975
18815095550
18979973920
18102178511
18069976272
17329987669
13304188806
17701352725
15558165351
18525282368
13257993656
13998927845
13456245431
13157613707
13077807431
13588593958
13750399587
13205898757
13066575226
15342747807
17772298446
18825252323
13276020255
18158142521
18262081601
15266397879
18815103197
18908846379
15558826118
17321800083
18962357691
17731216191
18357240898
18612324240
13673184801
18591889528
15368669422
15942219569
13506512970
15157568590
18276696912
18355488314
13716192015
18062658062
18861316613
13539949168
15612701421
18246477727
15988159120
18968521807
15051158053
19901527927
17280963193
18923410847
17633590288
13775433313
13018466055
15110326830
18811454755
15888894739
18136487505
18330717577
13915773938
13268234698
19857418307
13407104800
13050074165
13390844091
18519662471
15600971234
18310601876
15161264001
13940118350
15726485935
18819239759
13632592385
15355891980
18943923892
15504603633
13384470711
17600754493
15859108800
18867500037
17816439220
17717037830
15108600915
17681938947
18337636520
15807126968
18866872999
15837080005
15509188863
18912165612
15167009315
18322904109
13712209027
18646298790
13105898029
17769942006
15623400096
15969887146
15233538733
16861816207
17616506908
18626886090
18170877438
13898720695
15157933195
19950378561
15591838870
17800228292
19176936085
13398822260
18309338369
18006137360
18218031392
18861902266
19906739371
13205033803
18258277267
13335976628
13383705061
17061166788
13515175859
13729616860
18914923411
13824927505
17718557644
17853833568
15052287146
13287421662
18268872573
17327127173
15818579530
13380786269
13330493926
18925180940
15833169062
13426115008
18647121933
18368843751
18876668932
18929576166
18703836022
18079414499
18658296301
13365029912
13999973299
18657906077
18898838037
18651348236
13413535845
15840011662
15998050509
18638005661
13268207959
18268221712
18102293447
18323776567
18203677837
13801448543
15976395655
13631267350
18306232980
18186663676
15318570758
18976232224
15840986797
15242212271
15365394086
18561436983
18906536881
13638382656
18713800353
13312993919
16603030744
15996127306
15554893488
15260983488
13824220191
13288879814
13551344214
13222222384
13110474568
19946868567
13515255572
17724245628
13168938404
15751238323
19981214340
18551016721
19953822702
19905451161
18625212050
18751223835
15252890268
15022340333
13161890956
13378806529
18475676538
13587506208
18382774107
18205123989
13811634822
15217764858
18037022282
15396148074
18562016727
17722660056
18012258652
13533371124
13926696908
18156375279
18827020377
13760676962
13318936660
18709189189
15195733105
15399426198
19825778887
13701537118
15810904790
15062612835
13834764764
13802788240
17763770998
13735699408
18124785582
15832543787
13367418679
13578346703
13576999996
15879031900
15001699710
13943722227
13823808415
13385498386
18313780067
13936263383
18086806658
15365809579
13758787851
15757617227
15968198146
13826011328
15394351978
13283097625
18060735694
15887551316
17732505598
13726009112
18337566696
13169461313
13663523987
17638605192
13342421882
15561133130
18068538610
15304823690
15068338880
13027100652
15258869367
18072866820
17703274669
15158942273
15958928287
15052011040
13624311099
18016165000
13514423104
18070114083
18324456912
18941643662
15669561066
19150231639
13823163213
13526716818
13356934237
15623772387
18945887111
15752011070
18045465338
15658762878
13512683150
13330447631
18863238058
13575715662
19825777837
15905810507
13648066236
18674061109
15987138097
17684569555
15660770003
15195739266
18903390740
13629265170
13702171118
15838076605
17826988768
17311122233
18368388620
15533541325
15140043049
18321495571
18758855841
13347870286
18888823695
18879626553
18006535270
15058179811
13041822887
19102670152
17635718666
13326499753
17888616558
13655548447
18343375999
17778014021
18827527432
13665236128
15355232798
17640262663
18014128899
18519118555
16680560611
18546045270
13551854221
13731222326
13606650718
18196682890
13507974884
13487449760
13130888543
13562630533
18865682591
13602525971
18591882555
13525665395
13735365918
15879358005
13596039777
13566632888
18022930907
13392307372
18758789775
13761380328
13829656508
13003901520
15280160632
13784332143
15230688900
15905790058
18830110201
15156942345
18521036629
18642290270
18736891086
13216872885
13645129555
13146897777
17315447273
13301179585
15112335677
15899888253
15209883184
13614040655
18603961267
18790638404
17715518562
19137900597
18020710335
15651297629
13739251956
15268360320
18201858726
13588791305
13914937656
18067810202
15303166642
13333597660
13857091116
17533626759
18005733627
17356720462
15413266201
13636481350
15046605842
18186665366
15021505807
17306770330
13065052257
15070779329
15556211630
15665619081
17712441194
15757141499
15821341668
18821710307
13395858227
15803800050
15136773215
18107911208
15811932341
18107903616
15915622661
15517002515
15062028784
17681930989
18641475503
18684922672
17521348102
13711666025
18351244925
13246841906
13033346716
13088147890
15143146391
13631510233
13935950497
13362170499
13362997589
13375931133
18701723474
15201420021
13302962124
13911232213
13775428909
15350994333
15295608273
14789207425
18633090325
19817637531
13713171791
18678232127
13412895469
17326562670
18069962424
17338423589
15392961541
13585298417
18662620003
13750588771
18333729910
17862128275
18680611671
15919236888
18233716462
13533336677
13390484091
18100325605
18960000305
15875853385
13501390316
15722562506
17720860260
13011900768
13777513998
17603003952
13478800070
15573872968
13914293025
17727418795
17862347318
19145425213
15502598777
17605630060
18118141550
13580892885
15058179810
18751239028
15168329822
15958413456
13853814447
18325879120
13926162658
17408005076
13186930919
13456352309
15902255944
15042236550
15622362145
18507131752
15598480789
15261217875
17721795144
13012498857
17720371175
13810469058
18908847963
18689766730
17808297639
13096614287
18567095909
13291081057
13500072291
13303118297
18670419985
19128657701
15914145579
15575158945
13578280955
13607963629
15228951013
13290872566
14758368116
13584338810
18248657625
15858842920
13671384594
18082058470
18002146232
13269112071
18124344625
13682409590
15865485790
18550580999
13234101564
18057972927
15151795797
13223026373
15538368358
18715197862
15157155796
15138610097
14795892888
17842399507
18827415505
15830772140
18070318786
15350559879
15081209388
15855871079
18200238280
15706701219
15722531729
15064421697
18314969479
13962311785
13889881166
15270335075
16603592667
18922340662
15264492846
13469857703
18108753720
15069561066
13759224666
18729227140
15802588877
13957347199
15194272287
18801037783
13600821279
18644090311
13962831443
13916178603
18306557291
17810677324
13335377211
15055237225
18179631534
17724249902
18254422281
15828564640
13738515357
17873194948
18038327905
19951393981
13390844095
18649671060
18006074272
15978618520
18937058065
13252549955
13924630964
13959787136
18911281587
15862595919
15389448810
19179130950
15072013302
15853358539
18282582333
13621562508
15562228909
15618616178
18829961664
13636341185
13733300158
13422111920
13011186216
13486370093
17338431235
13360421717
15818982009
13456241431
18565315672
15151228014
17772695173
13815963200
15083668663
18642740950
15365477052
13316247657
17315447237
13979302721
13400100080
13269698023
13405229771
18406594164
13628891998
17749740108
15387333677
15584630330
18520719666
18525758928
15351908333
17326029951
15071652777
15351833359
18657657060
18257230234
13875789970
19802034387
18319997467
18465122111
15859996783
15005122332
15184956832
13456951119
15101164263
17603270125
16673131927
13799998335
13249066995
15634383082
15034581355
17369727965
17860816861
18201356166
15099877739
13112180398
17783802841
18809355525
13211051840
13438033773
15707960789
18857395252
13950140154
13141516619
15667078918
18083857296
13185778185
17665042405
18824672123
18005108153
18357053509
13611540952
15340000703
17880327994
13413930248
18826229817
18971770977
13631793057
17707398136
15778467166
13466653364
13788523141
13823828857
13379876541
13058020252
15554130736
18668188250
18740420738
15360415351
13355838127
13921661607
13341225346
13963529190
18241074001
13880335696
18513406898
19875880961
18859876555
18019756773
13651533826
18969950002
15983303393
15553091110
18624960609
18765259998
18964733092
15360420899
15550909678
18157574086
15078300630
17600256339
18779705654
17850975746
13011113388
18380496976
13723263148
18914825112
15945168113
13504110210
13415879428
17343016186
18953755311
13559542993
15893721058
15980460400
18924186004
18538559075
18759925202
18789892288
18657979773
19977096474
13760398651
13055556756
13979483158
13700775135
15062902060
15019482128
13117125103
13520030297
13913639894
18126509171
18595719410
17770782050
15906758135
17331669496
18112499789
15381593798
18148799770
13435594020
18896703998
13501066123
18510068951
15280519026
18151656702
18011136528
15381791110
18500731535
13828063059
18629322221
18225892230
18665182155
15975126446
18966516471
18859988661
19805055575
13883362520
18435912205
17122896283
18324345953
18701225015
15860438675
15140163529
13427182384
18811771180
18222939033
16605756458
18111376262
18027084469
18326887979
13810166961
18003122222
15131900256
19999198895
18602111790
13909114116
18257265671
13265407559
16620361171
18831696333
13039206871
13522071121
19851830771
18042044816
18367842315
15058476984
18758781511
15805092625
13126673278
18855354860
18925508757
13613712577
13756973333
18538724901
18948906914
15900965707
17620469762
15719212813
13106875864
15920503828
