13002657160
13003880458
13004511578
13006042767
13009031968
13013825103
13017972113
13019315093
13020765994
13023930735
13023930735
13030067030
13031083653
13041822887
13048032623
13048637000
13051893995
13053830520
13055425520
13055556765
13055556765
13055556765
13057050595
13057844620
13069131551
13070187537
13082199099
13085602769
13085656975
13105010706
13105898029
13106225771
13106225771
13106233308
13107995351
13115240016
13118869999
13121573882
13121573882
13121661230
13121661230
13122516132
13124221448
13126709187
13127051885
13128769763
13140888348
13142939908
13145059588
13147189432
13148817123
13151376370
13152010321
13152010321
13156365073
13156365073
13160874503
13165352886
13169201666
13170691273
13171757277
13173365382
13173673985
13173697731
13175157528
13175620777
13175952317
13179165613
13185106962
13186165203
13192949224
13202058484
13205887982
13207174172
13207174172
13207174172
13207174172
13211000194
13211111111
13216703162
13220199103
13220875013
13222972345
13226669164
13233649536
13234666922
13236948656
13242274702
13247572888
13255555899
13256286051
13261236950
13281000318
13291570065
13293384472
13295248888
13302779116
13310872894
13311179199
13311266357
13312993919
13313374750
13313607855
13313886057
13315963830
13316941692
13318324612
13318892086
13320130256
13321193353
13321195095
13324056262
13325895831
13326451022
13328028141
13329222057
13330215960
13330578438
13333264789
13335083404
13335893198
13335961711
13335991019
13341044490
13341225364
13341225364
13341225364
13341225364
13341225364
13347623217
13348691812
13350718633
13352503622
13353760719
13354711420
13355017657
13355180323
13356205230
13361358577
13362963438
13362980066
13362998579
13363887522
13365275859
13371213276
13371486888
13372152130
13373235302
13373835831
13378696396
13378806529
13380786269
13383026901
13383026901
13397794159
13399270839
13403311163
13410718622
13416500007
13423908584
13431039227
13431039227
13432341669
13435290101
13435639377
13452586652
13454959238
13454987071
13456388860
13466524218
13466607703
13467982236
13482478670
13483187147
13508920506
13520772759
13522051792
13527872821
13534213914
13535069765
13535161824
13540435546
13544050052
13545910309
13546368580
13556789858
13560007032
13560135003
13566966299
13567020075
13567035831
13567350181
13567946165
13570926490
13576069339
13577300665
13578280955
13578928764
13581999553
13585298417
13588268427
13588331547
13588447971
13588453993
13606068557
13607430372
13613222251
13613361736
13613361736
13617518658
13620212572
13620930554
13626697676
13627916303
13628825558
13631267350
13634243869
13642504238
13646797535
13647459909
13648066236
13655172242
13655965065
13655965065
13660241931
13665847448
13666633915
13670538145
13670831565
13671214888
13671907265
13673171742
13673295952
13675229851
13675270084
13675927709
13676270921
13676887323
13680575761
13685924395
13689824333
13691086078
13692585940
13695807717
13698037856
13701297914
13701451777
13711112620
13712222876
13718538092
13718850208
13720086332
13722090403
13722785592
13723470146
13723650384
13726009112
13729251490
13731915531
13732422799
13732650549
13732698332
13733533343
13736868850
13750488867
13751790026
13758132822
13759083590
13760563619
13760907990
13761008502
13762579973
13762691550
13763988313
13764720257
13773023575
13773031319
13773063303
13777511087
13780931358
13785483410
13791873300
13800000000
13801481682
13809825822
13810439302
13812805767
13812805767
13812829235
13812962655
13814389663
13815687308
13816819186
13817549005
13819325373
13819928428
13822192990
13823804815
13824440588
13833254722
13840365227
13841074186
13851278661
13858418485
13862318808
13868826174
13897965665
13905121916
13913651997
13913678491
13913937503
13915641939
13915661154
13924225447
13927000967
13929608425
13932158008
13946666220
13954560927
13956735995
13958398675
13958447453
13958972786
13959886098
13960157779
13960281984
13961310762
13961314008
13963982376
13966310705
13967789859
13983571384
13987026678
13987234166
13989427513
13998870991
14052495050
14701543757
14759769390
14784755379
15001217580
15001314227
15002757598
15010197848
15010321032
15011314923
15011314923
15011506618
15014028269
15017348070
15019482128
15021331691
15024545561
15024574220
15029044885
15032070573
15047932507
15049052292
15050332806
15050602827
15050920420
15051011875
15053528295
15053907512
15055885611
15058557698
15061371118
15061374571
15062903985
15064569592
15067802100
15078300630
15079766075
15080334487
15080985670
15084806411
15084840431
15088289676
15090554779
15093835883
15096313987
15099173578
15102768070
15108600915
15110320830
15118107943
15119447734
15127779371
15131453019
15132662018
15134064563
15142245309
15150955666
15151213097
15151225252
15151225252
15151226552
15151228731
15151239883
15151771246
15156425509
15160011539
15160492228
15163957611
15167183394
15168241701
15170538065
15173688178
15177297988
15184713346
15184939899
15189012092
15190005758
15192150951
15195721115
15205127987
15210090013
15219097417
15220708885
15224272225
15230138868
15231180886
15232886287
15238083180
15239404971
15240309333
15249963222
15250911891
15250996380
15251277099
15252199554
15252848885
15254939191
15255331535
15257930093
15258863967
15263291893
15267365670
15268885298
15281216921
15281216921
15287631448
15298820560
15302742121
15303174963
15303845930
15303845930
15309812041
15318786087
15320074912
15321586803
15322408220
15323996972
15325149759
15325905096
15325985723
15326715851
15326715851
15350559879
15350688547
15351832012
15355344389
15355356627
15355356627
15355376629
15355393001
15355586580
15355891980
15356898950
15356996627
15358842920
15359985210
15360415351
15360583074
15361025703
15365673111
15366434666
15370599978
15371539218
15372166183
15372675802
15373571819
15373670857
15375078299
15375311581
15378529897
15378719891
15379809666
15380137435
15381771660
15382322989
15382575522
15384032659
15384647431
15384647431
15384647431
15390092898
15393148654
15394923622
15396600361
15399376663
15503985225
15506199939
15506214888
15508691616
15510023344
15510023344
15510023344
15510023344
15510023344
15511381128
15513830659
15519999799
15525008900
15527216647
15532728683
15539505552
15542735213
15550062229
15551401208
15552220315
15553137252
15553579610
15555552658
15557157563
15557962558
15559538205
15570912779
15571616401
15571802922
15573323522
15573872968
15583587371
15588135319
15589626382
15591005608
15600129501
15601654288
15601832239
15602447376
15603059956
15603665352
15613966658
15617480598
15621000091
15622125811
15622727559
15625783141
15626056145
15626792930
15630793944
15636246060
15638767796
15641237668
15641367521
15646737877
15652402209
15652402209
15657926827
15659705659
15667875756
15668463544
15668463544
15669593072
15670288825
15677772316
15677772316
15688885774
15691485527
15691621608
15695280990
15695687927
15696495553
15700127705
15701204328
15702031659
15702483130
15705000070
15705892899
15715510556
15722531729
15726869197
15727010802
15736741771
15737623139
15751211620
15751217671
15751233309
15751237525
15751237666
15751239621
15752011040
15757136383
15757995416
15762267356
15762838068
15766997790
15769129499
15771296058
15779119280
15779781579
15779794757
15780908996
15804559854
15806059758
15810371514
15810986030
15818982009
15824009637
15827429532
15829065230
15830720587
15831922697
15832543787
15832995128
15833929250
15838166934
15840011662
15845678095
15850308703
15850825862
15852211111
15853410788
15857332893
15857386828
15862195088
15866185722
15866631341
15867509509
15867971096
15867971096
15868882815
15868882815
15868882815
15868915562
15869191920
15869261424
15870760684
15879158887
15880770361
15881027705
15882354208
15895610090
15899596457
15909444539
15916004688
15920997819
15925171217
15931623195
15933019762
15939573369
15942910560
15945168813
15949873626
15950702069
15957488988
15958908603
15962497607
15963939769
15964178718
15967295753
15967717770
15967769912
15968198146
15968240501
15975572440
15980092152
15985999430
15986908318
15987881501
15988525128
15989111502
15989169215
15989979993
15990777070
15990777070
15996127080
15996127306
15997280199
15998084337
15999900033
16561816207
16601347844
16606373710
16609166050
16620314589
16631786696
16670796373
17036360881
17052720600
17052720600
17062162656
17062162656
17062162656
17076672837
17077711111
17080050765
17080050765
17108325840
17115980008
17154889221
17154889221
17160038050
17199910999
17300087741
17302497871
17305126578
17306791817
17312886162
17313228419
17322815586
17323555833
17326162212
17326162212
17327180808
17328557189
17329987669
17345495892
17346574302
17348824905
17348835020
17350973398
17352322519
17357214809
17359977382
17365299829
17367112871
17367747796
17369599015
17372228309
17378278161
17388035958
17506165683
17507242323
17512015733
17531896301
17551580280
17551581181
17551581618
17562775229
17563597203
17600236503
17600600622
17600883306
17609881484
17609881484
17620910086
17626015391
17660240063
17660707231
17662987566
17663033606
17664617030
17673101056
17688428225
17689989731
17696879518
17701673666
17701698934
17701913299
17701915823
17705127512
17705990776
17708028660
17709863729
17711739821
17712030213
17716113867
17717119699
17720616152
17722169160
17722896283
17723165905
17724246602
17724246602
17724246602
17724279056
17724279056
17728689899
17729178197
17730090936
17731753233
17737511314
17750913906
17751162171
17751162171
17751354770
17753595248
17753595248
17758021458
17760378557
17763770998
17768097902
17771883500
17772695173
17774017797
17775267757
17775267757
17775796351
17775796351
17775796351
17776814977
17779636570
17782099006
17798971828
17798978688
17804716800
17805297639
17805394092
17816762067
17816933981
17826547102
17828837405
17829231007
17835331782
17838152772
17855411198
17857406801
17858798384
17860574614
17860697903
17863751431
17870183937
17870465817
17870474193
17880327994
17882298618
17883667709
18000171911
18000179614
18006535270
18006990879
18007134163
18008887963
18014420277
18014649928
18017048929
18018777924
18019994164
18021966758
18022476167
18026295387
18027291280
18028035790
18028573214
18029037960
18036567772
18036567772
18039394828
18041039934
18049293708
18050897256
18050996661
18053248923
18053514783
18053514783
18053592065
18053744261
18055128452
18055658678
18057861969
18057912775
18057921885
18057974779
18058881267
18058881267
18058940657
18058967118
18059826390
18060479947
18060479947
18060479947
18060479947
18060729705
18061353698
18062153081
18063235437
18064099091
18064505542
18064505542
18065592208
18067615596
18068538610
18069927811
18069962781
18069989370
18069993173
18070357707
18071065324
18072336596
18072340006
18072391862
18072682355
18072682355
18073295579
18079485110
18079639127
18086806658
18102513395
18102696791
18103358053
18106910991
18114953133
18115131150
18115999605
18122751159
18123661117
18124092452
18124594932
18126149006
18126810963
18129876150
18136773215
18139509265
18140377032
18145143754
18151567399
18155482822
18157466307
18157540869
18162791997
18168139771
18170663904
18172084878
18176333883
18188937123
18189727158
18192329353
18200133780
18201801807
18203667912
18206646279
18207601023
18210027145
18212448989
18213835743
18221112425
18221112425
18232738993
18233716432
18233997780
18238890579
18243337133
18248519914
18248533151
18248533151
18248533151
18248533151
18248533151
18248533151
18250522888
18251250643
18255469009
18257701790
18257899771
18260281601
18262757867
18262835791
18265105750
18266902724
18266908623
18267095909
18268388620
18273630359
18276696912
18278406298
18289427695
18297310078
18301357061
18301523197
18305697786
18307812883
18312846715
18312846715
18312846715
18312846715
18314648510
18315268742
18321239735
18324456912
18327174709
18327174709
18336272848
18339593227
18339985853
18346736525
18350887703
18351196030
18351196030
18352155237
18353229838
18355488314
18357637355
18358037250
18360505363
18360641602
18360642226
18361697072
18364589465
18365757593
18367397227
18367988340
18367999697
18368292923
18368420121
18377422206
18378549572
18381181651
18388543703
18390731898
18392064145
18392064145
18396144073
18406326686
18410100921
18473325553
18487139971
18500201031
18500528815
18501491013
18507779007
18508913392
18510927022
18510927211
18510927211
18511271850
18511521582
18511526952
18512109050
18513098416
18515913416
18518259892
18518814596
18519843364
18520075581
18520196168
18520373046
18531608681
18538042458
18539598116
18550185978
18550985366
18551252251
18554827010
18558777072
18558816265
18559182018
18561101718
18561361726
18561361726
18561361726
18561361726
18561361726
18561361726
18561361726
18561361726
18562558817
18566758454
18569487666
18575312286
18575683113
18582540889
18584550882
18587459398
18588745262
18602146916
18604113285
18606272322
18606500485
18606882469
186074184165
18611147070
18611653629
18612030885
18612058352
18612180227
18612431919
18612595918
18613124143
18613189256
18620132317
18623722221
18625028001
18625911468
18636662501
18639897928
18639897928
18642240444
18646246868
18646377915
18648350095
18649630098
18650256362
18651348236
18652269666
18653550282
18654355199
18657012181
18659003072
18659905981
18660015181
18660111337
18661441057
18661441057
18661441097
18662218458
18662329172
18662620003
18662733449
18663962251
18663962251
18663962251
18663962251
18663962251
18663962251
18665166150
18665665066
18668613203
18669477989
18672836991
18674452710
18675722948
18676439932
18676855737
18677963870
18678596971
18679868999
18683615110
18685182434
18695845065
18701258025
18701601017
18720795607
18721343221
18729177925
18731780824
18731780824
18733777542
18740671181
18751103393
18751256167
18751257056
18753660333
18756869778
18757077244
18758176021
18758394688
18761310987
18762383072
18762730378
18762740675
18770701151
18780104224
18782108997
18787451585
18792333090
18795526717
18795527087
18796445158
18805127000
18805127000
18806765085
18811026396
18811308232
18811330279
18811554755
18816452036
18818409082
18818940303
18820783548
18823886232
18825037372
18825952830
18827385554
18833777208
18838599631
18842030333
18850505086
18851150058
18856750803
18857508625
18857550976
18857780518
18858888888
18861318242
18861909678
18867909767
18867988259
18868558563
18870403866
18873911110
18875878187
18883165901
18886464262
18888823695
18895771161
18898338182
18899755409
18905626609
18906027106
18906602680
18906796781
18908226553
18910261790
18910548103
18911173379
18913626947
18913690688
18915631679
18916445815
18922129675
18923917072
18928376280
18928378107
18929349881
18929582443
18936611305
18936917131
18938840434
18939296285
18948597377
18949696538
18950435712
18951253351
18953751022
18954077639
18954077639
18954077639
18954087591
18954100185
18954759565
18958691023
18963037668
18970131920
18971095839
18971095839
18972645503
18972645503
18972645503
18972645503
18990347803
18991332280
18991888669
18993491259
19117766344
19120819561
19131223986
19148188816
19168286110
19170582897
19173164117
19175041123
19806298233
19812376601
19813880168
19817935705
19826128852
19831476586
19848333694
19848333694
19852675091
19855010509
19855010610
19857418307
19857983032
19858914374
19858918094
19883392092
19895962530
19901527927
19904510386
19905798005
19906815985
19908602340
19924465505
19924716809
19924959095
19926718832
19931631911
19939132519
19939297255
19940776116
19941910080
19941910080
19943789915
19947597577
19951347505
19951802117
19959536181
19965938034
19967436581
19967452459
19972096910
19979785530
19989008676
19995425660