15833488667
15355903888
15557947558
18351794915
19814798236
18770835900
18158809102
18021959659
17751883871
13378714335
18112684292
17826987868
15669513911
18104672290
18601436302
17322034234
18657955091
13726770024
19975199488
18380178433
18155607889
18115863686
18658661221
13758674819
17392460636
17369723225
19157219553
15861288854
15162552258
19951182087
13138585952
18173187172
15345648052
13837728475
15995931281
15298843381
15962328376
18658927928
17816432853
17501423559
15571031789
15893632005
15139634920
18651188297
13058779777
18944272686
13754231667
18236078960
13906239343
18601485001
15380290906
15868272726
13234666922
15903811748
15258859453
13651792024
13106233308
13815281381
18060560570
19894568921
15343449997
15568691456
18868946212
18372378702
13320041487
15162578976
13961316512
15382372612
13367339762
18984878664
18159029457
18106331575
18270355270
15394441179
15005128489
17601262122
13357332905
15260763022
15855996698
19918408899
17826226612
13736705978
17835106578
19941977623
18143480941
15851522245
13961313527
15070564768
17623150708
18358918338
15266605026
19924334465
15351828976
15962320119
15268716826
15217716884
15942910560
13186478018
15851537693
15850832169
13535615056
18639957185
17855276136
15335299879
17756833201
18627888967
15851502765
18966030191
15850832702
15900400311
17365299829
18520247759
13814828248
18949152622
18811026396
13305990638
19813171821
13951593923
15592743173
17816135720
13863191310
19568386329
18915457350
18057091230
18762999765
15502534539
18175219539
15962306151
18046107461
15006899191
15570145595
13182625606
18936103536
18906853262
17706583407
15298847510
13410068453
13862255578
15261585535
18052959049
18233689511
18630969948
13719047588
13552230968
19892358908
15846011218
18689775500
15850808077
18662881018
15359039553
13370631310
15150352856
13257338333
13972957655
13957944123
15070555850
18082315873
18947886593
13103719411
18658925505
15068564228
13566661743
18809352122
18359070900
13539880971
18867316877
13268073337
18261751885
13183221170
13732297000
17631741157
18018266313
15359112572
18529211036
15962322578
13987157533
18911199358
18630404353
13915661117
15056211001
13814969287
15157710017
18915632205
13339034098
17746075889
13047421167
15152134772
18846174987
15106237767
18739259886
18318884728
15005120808
15200066632
18136563966
17715515882
17372228309
18075379187
17608346006
19890367082
18020602032
15903736363
17365438035
13158268735
18056441680
18051600500
18170518808
18732639978
15151225770
13682445755
15925171217
18934653692
15962314249
15075777217
15954170303
13962350504
13805965752
15150367938
17728190625
15936245611
13732605559
13819638678
15005127913
13961363317
18706215846
13682885177
13841239869
13338998505
18870403866
18767609333
15559520221
13962388693
18550543954
13318054976
17610568081
18675577887
17727827722
13862349997
15958444587
17338168026
15145135823
17878325087
16606373710
15250313235
13207107182
15356671611
15967141001
13732603834
19180521996
19951021090
15174193369
17752720539
15558573222
13400125438
17189598372
13336239393
15332455721
13130055728
18913646755
15051810531
18367756468
18348382277
18514401024
17620954393
18142412474
15380262021
15932828524
15396188915
15751230035
13507047453
17751418769
18457969597
15967478332
15024350589
13245688140
18627725895
13359759266
13489569810
13421407555
15995948552
13711882867
18051520837
17706228386
15063166663
19902243957
18612630068
18225402510
13226180005
13326317417
15855705851
18213433737
13968534641
13970503329
15050366745
15851997985
13123184209
18175006876
16559899151
13787807756
17752801058
19127899386
15591005608
18516891928
15268312885
13257461999
15150362713
13626697676
18879621050
15151797765
18167060821
17768580379
13862325655
13911783501
13831162682
13375176737
18795569813
18351798151
16631566006
13912170667
18180184544
18982498693
17365438025
13627667088
18814888240
13338095589
15850143766
18623029073
18620717595
17507596135
15333935509
18957970807
18939477593
18913693358
18852996777
13981740307
18842030333
18261762965
13868994268
15989252504
13917883501
13865791397
13157294862
13932863899
13065787639
19954296261
15195738130
15573358288
15988658237
19961154598
15252335758
13812839880
13815631510
15861250805
18955926077
18841290729
18929889508
18203667912
15053907512
13303975256
13509357261
15227529201
19966775592
13328029141
15953597859
15130482228
13201270999
13838420852
18651355626
18715203226
18959198336
18937451239
18751103475
13160852742
13615914983
13120348885
18010748751
13862242377
13527738952
13510955674
16626408770
19970985127
13157532790
18268455144
14755670007
13655148897
13540239156
18955589547
16561816207
15855129932
18669709098
18115682345
15067583412
13764668623
15827114799
17372588558
17707228218
15851502735
15995948852
15176401340
13894665620
18771918083
18069907525
18915753361
18929529524
15298857927
18681868345
15396399859
15271330766
15566285222
18057907182
15667875756
18022069556
15993416345
15751107415
13629277108
15050354000
15850821259
18625025088
18072345669
13211773057
13962497312
15319802244
18922327838
13208443255
19929218358
15506191006
15312195777
18254523337
15867117631
13961310683
13157613070
17767941345
18121185885
13774403813
15150957151
18156890937
15870064830
15571616401
18189727158
18574640996
15218905996
13777870382
13826757917
18927515160
13176156665
13913652111
18856773115
13962893881
13382528837
13676810664
18954297607
13735653878
13711118807
18036810795
18761347092
18168636566
13225188354
13820679373
15315916231
18021267717
15934046966
18676886618
18015456540
13065959923
15229860077
17319794486
15370128810
13396589127
13365622914
13482222402
15151765667
13319412496
13760646346
18257343905
13905593962
18620851981
18549991599
15332456378
15091018181
15155926005
17711393236
13592327007
15351854683
15995945026
17316889575
15051191852
15043188831
15639773931
15298612166
18726966699
13180162156
19173332010
13790846770
15095121958
15755710621
18713637016
15827566166
17732920880
18862288383
17818345133
18030650559
13352672205
17328557189
15233267542
18082378633
13773029388
18037387396
18972877260
13157906892
18088324262
15890419684
13751682666
18062896399
18037931383
18753256353
18940222053
18261918111
15556545550
18967251231
13110969633
13675225385
15513066521
13703335300
15851506468
13113849022
18901579888
17710291629
18791486585
15295876688
13173365382
18256441379
18108104670
18939081996
13533294643
18042221763
13864577567
18205921520
15669393381
13738579522
15767992528
15371669839
18629038589
13722889091
17720600519
13382302867
13265810060
18015630378
18027112302
13213320072
18320067866
18685182434
18148869898
18262144177
13915078867
18660499997
13173096888
17682186387
15565067172
15638070220
13851208541
17307070678
18121632883
13858695277
18606767688
13725428887
15503885557
15050357667
18666957517
18361059772
15507987706
18865444519
18679128268
18617597262
15831254588
13536943931
17816629416
17359133575
17681932598
15941109600
18750390167
15294661060
15250308557
15033760318
18804024311
13806533850
13868600332
15326302389
15029252699
18868316877
15362019204
13599598355
18991041175
18626238815
15825749667
15538017872
15275270623
15150395580
15088351373
18558979087
13967425972
18364589465
19812732378
15981811121
13862255723
18042024327
18758176021
15236889813
18520665066
18292782884
18451213376
18686395330
15851528434
17614706190
18585033416
13967649970
15356916559
16601236662
18156798150
15970539947
17610025926
13067520683
13366573072
18665500350
15158659765
18259507905
18056484681
15559106668
18961381002
18262831900
18257004535
18615047356
18787102585
17334088516
13792850010
18015616626
15336588409
13789073833
13674198738
13357870289
18949987287
17602054428
18662126361
18262129967
13639758176
15860909019
13520633208
13265565723
13422424069
18022534166
17788306021
15386227961
18962345668
13913661209
19957360367
15871414689
13340654355
18711371996
17521245486
18261115898
15262688123
18899855199
13609641038
18665618837
13030000183
18003890866
15805028856
18732101885
13566717254
17321025002
15904690310
18954722584
13062638823
18036565112
17757367223
15513431723
13962364778
18819430964
13913657255
15529610302
19143560557
17703732624
19935358167
13842833391
15297777278
18990336662
18061353698
17761570199
18333730010
18036572765
18060857436
15636246060
15967295753
13103842257
13286866946
18895663609
17511698520
19962843306
13841345832
18978861093
18761421976
18857813260
15264201688
13814273223
18566192080
18629005616
17787847617
15825750183
15348505353
13793181668
13824407003
15615675665
15059310081
13312991319
15669887593
15221409405
18663383515
15936278915
18565311112
18360509806
13180908483
18228955072
15018446884
13804894900
15319433571
17757897859
13315145620
15874821172
18350232000
13723710165
15648568278
15205902808
18392618219
18352666697
15957948791
15915142696
18857251164
15608886336
19131775643
18002504306
13676887323
18650560078
15179454341
15385157863
15370483040
17737366264
18302027529
13914856688
15130119261
15565802705
13175130131
13105396908
15967972665
13944161852
18588965423
13071291314
15825776512
18182435657
15874784268
13851280878
15262437739
13896014515
17373805777
18583818351
19935822527
13673425101
18676562089
13352503622
15531885188
18963392359
13711000676
15160419262
18206379933
15809216969
18668902742
15396513799
15946792565
15376490197
17816251741
18792719772
18978849276
15005122559
15967091271
18011852536
18630385672
13544526903
15659704993
13823961078
13373073251
15630586639
18159280427
18093608112
15161125861
18611004845
18531608690
15869916344
17398378887
15846125506
15306337700
18514595105
15151226552
18915261309
13670261236
13065463930
18050791856
15558112005
13591191230
19956736616
18073349657
18090741623
18928866956
19972096910
18053671810
15527062218
15918651288
13790905266
19956593171
13707273890
18995902899
15638767796
13413396260
18668217141
13918784751
13808462597
15832995128
15571392810
18168135188
13816442310
13593610666
15957603088
13065919276
17101589099
15336570348
15387273806
18823555055
13148817123
18124023721
13345713251
13255693341
18621780286
17714249111
18096741623
13353863676
18702549822
15158077264
18969945705
18756379933
17711579426
17280963933
13012799365
13617939168
15552158567
15659211133
18222843030
17526882180
17665066042
17665066402
15680999071
18081193677
13006738498
13588823366
15650253707
13145326693
15150960727
13731947466
15370027671
18057146739
13132536989
13817299684
15024500130
13221370122
17856296401
18917757433
18825155970
15931601182
13773094909
13221725832
19957792910
15336505309
15850825862
15057998757
18368670996
17741298999
15268698619
13535429534
18263127111
17351805299
17520463966
13910736583
15601509888
18061358852
18904903821
16607546721
18929396393
17728123820
15382020898
15805176769
13720746832
18617777229
13328989693
18431971888
18856752153
18729072109
18012657223
17771147575
18258987572
13953950180
17763363730
15079524189
18352976132
13959841933
19849654595
18362167687
13676632565
15050353241
17530990050
13554915116
18102843317
19826109978
17206023317
15666919106
18211224393
13862520312
18966014507
15050326300
15861570287
18867595024
13905323044
13793412072
15050184111
15844870008
15906179291
15895601257
18357941923
15304387338
18716519416
18302831218
13176151876
13541216432
18353108913
13606669921
19874304664
15594982631
13601547972
18655550065
18551224898
18657301572
15958386066
13638259293
15170768766
18058707528
15129935223
17705887823
13854883383
13968809159
15257263969
15674498166
15882323536
13819922339
13576179313
18741286093
13308008043
15549926225
18627006008
18895790522
15716239527
13989603892
18151086888
13934917474
17626025743
17768104330
13675270800
15146421330
15929300237
15888209357
15053528295
17301440803
15838019770
15717682747
18351790565
13456776909
13171757277
18568669233
18664962871
15767251880
13262258492
17766503575
18373308715
13059928663
15553491643
15995909080
15879158887
18357932008
15967856883
13383091032
13515876818
18958457257
13307878280
18751132871
18037802100
15093718292
18352855606
13162160826
17753537540
18759976920
17786413302
13559834267
13316699274
18314545620
18626131446
15895624521
13668686402
15088263508
15151790467
18280667360
13831162630
15736552925
17718203432
18050577804
15151790150
13713519813
18758771817
17755351072
15806283223
15195744355
15895222236
17679320279
13482224020
15318786087
15681845198
18370159957
13912828571
18617779955
15378789997
18079347588
18715036349
18013645275
13915619285
13303669769
19975176382
18304064688
18051522268
13296862013
18674668575
13500557275
18598931598
13815680979
18105126002
13808211587
18013699678
13216036805
15851508553
13644999777
19817995661
18027309212
15606269098
13221776727
15365673111
15397159587
14769263464
15503832606
15814011824
15720438397
15194958766
13353666957
18927515670
13777397269
13822269385
18013101676
13777759854
13365275859
13773072347
18260228280
19858963816
13253989519
15151792152
13827365530
15251233636
15895621786
17365299189
15658908061
15812817274
13222995185
18587784436
13819041250
13023823439
13834214513
17036902999
15880596641
15588683750
18962307655
15937675708
15590700333
13307335564
13865722180
18669508868
18712119924
13069428044
18928189669
17734152817
18070546065
19983754400
18084665624
15051194439
15106232776
15093172225
13236128896
13230728873
17807226670
13613576591
13255018359
15004122413
15860052162
15860321281
17756560558
15117877033
13802402961
18213552213
15096654986
15866185722
13562922282
13580286937
15851523556
15396533861
13605862942
18660688865
15094465666
15850090817
18051906899
13880530626
15950785363
15340316888
17750521675
15615220631
18112167271
17887101117
15583753456
15156189743
15397042180
17723998634
19931025600
18856002191
13958606045
13997959391
15061376964
18629631589
15669522790
18626135302
18559217911
18751231566
18137773533
17756437938
15908938887
18962331236
13575378883
13819334826
18807800085
18014877870
15151213075
17317766560
18601939034
13962320715
18595716983
18963673621
18314531484
15167836697
15062035763
17306675612
17611142500
15113161129
13856447838
18933222042
17563516182
13712222876
15101538274
18841274999
19913331681
19892166339
13542600647
18153779887
18538172658
18820100034
18004450191
13798795182
19857348009
18225712073
15853203030
17606054000
15157273317
18952781181
13812821427
15837154561
17875796253
13409138333
13678101210
18012157699
15355473697
18755907513
17777500626
13851391333
17896015419
19951338792
15868153097
15670695111
15511146977
13790378882
18254533121
15105853203
13066326992
17390007076
13088829057
13305135599
17351251319
15050305052
18261792232
15961388956
18968899625
17936902999
15157225072
15029966583
18798059479
18858360638
13322111345
18066979638
18073322060
17726712703
13323770507
17307981989
18355929711
18302090823
15965541444
15170633293
13380361073
16526016888
15067117086
18913659997
18625238898
13317497907
17826546579
18981085472
18944470658
18962311621
13694309152
18217902613
13965495751
18457691949
15695286039
17850998225
13811520980
15612705259
17300637603
18126633977
13676668599
17842269902
15715981179
19903275992
15773996022
18351794191
13464998781
13231963581
17372570785
16675521593
18855385880
15267661515
13732264137
18861003155
15107931770
15962321235
18844591116
18306630817
15881029994
15215882794
19954332935
13338021767
15532725456
13912176197
13838537418
15542735213
17780699956
15384058285
18651713160
15680585885
13914936369
13580155390
15829027734
18761396188
19105408232
15005120175
17751425378
13929237377
13951493353
17705121139
13224073362
18036656768
18662128372
18913693376
15216263411
15107951919
15851530697
18550129701
13862341889
15050597353
17616769897
18112177977
17311123251
17858847369
18220713341
15205795736
15171556690
