15888655593
18168133691
13799837668
13144315969
15321586803
18886464262
17551839731
18573736777
18228074600
13151812666
15552581889
15361670870
17062162656
13395630858
13523110390
18159902513
13049913887
13102837586
18339818761
18859908543
15855308373
18509101796
18465122111
13713830223
13940498682
17770341300
13862671962
13485981868
13959370293
18630227730
13372878060
18765259998
18668100120
17851234443
15694387799
18595812923
13711593959
18835927291
13123278815
15151228014
18361321198
15853358539
15138147579
18967163835
13879388605
15510023344
15259792031
13750081960
15387333677
18568773663
15107363588
18077592596
17882298618
15967971182
13633160311
18569490277
17806230558
13058223683
15053152608
17302695391
15071250298
18676882281
18357925603
18762735500
18361985181
13581885921
13065027888
18571106560
15504093888
18158582110
16619855624
13681999078
19933217356
13364686868
18620919427
17736557709
15190702253
15124597727
13967836608
17775796351
18187524161
15635764331
15668166417
13913534502
18090555520
13302041985
18301357061
13691814531
13333862853
13980860920
18534001616
18660198512
13128606555
13957947346
18996163182
13230742750
18166088018
13603564434
13096614287
18636903325
13109522863
15097795595
18903955762
13750588771
18157528611
13005155640
18959008904
15225725780
18868253596
18607975500
18990383326
18150036712
17826532153
13489067502
15821323045
17335733920
17600941068
18108753720
13511964289
13015029066
15598480789
15833535902
18510485579
15701329068
18115458713
15842529336
18050880236
18890586511
18672450999
13205702016
13754809520
13556571398
15158948600
13008365000
17757950609
18981771532
18513041233
17673107667
13018916030
16606939688
17720860260
18251250643
13774268795
18957971316
15832995128
18057977823
19105004754
18032935599
15054359377
18008825591
15325926567
13249066995
18268850300
13855278650
18081233495
13322022050
17314678134
18638820772
13806982269
15373999698
13696690095
15279192993
13826757917
13289397563  1779208
18033068862
15907708598
17607080359
18682143023
13180162156
16637911185
15860501459
15112307830
13241777366
15318437515
17753535491
17509178520
13735642966
18913510188
13065605813
13755956207
15821706218
059522665816
15510296973
18056975160
17138855601
18923784019
13599953982
18205750088
17787847617
17888616558
13926518950
13055678219
17726712703
18859727052
13380056312
15023978649
13675869346
13582005960
18045421699
18115205949
15802516260
18045255433
18046107461
13045117500
15658597761
18382249525
18600345910
17337679765
13711010070
18899196008
18622258116
13188870222
18096647052
13556906405
18758863697
15510023344
15377399802
18173187172
18565826005
13505721243
17716517578
18375784765
19965769927
13699143422
13844331490
13923099570
15591862790
13534027832
13041772333
13854261562
13566793179
15510023344
18649671060
18072812027
15005099587
13326322811
18637287259
18671879316
13933272488
15618542882
18660907112
18710023206
15712969619
18692988114
18857967322
13828688037
15588782890
19150231639
13379916299
15152140202
13803521550
13810536632
13777460629
17614549876
17719369366
18666757548
18530580665
18802063634
18505005810
15958413456
15396241542
18769592907
19137900597
18668902742
18372682110
13777779624
13316247537
18567128111
15510023344
13452581018
15188410651
15510023344
15250903166
17710319456
18674061109
13505575559
15621342700
13535230098
19979785530
18052984198
17521077487
13818872779
19953247642
13693693688
18111700789
18099511860
13616512558
18409486825
15052751996
18105794395
17554217369
15957907597
18277991723
18012007940
13534683591
13484093999
17757205665
15605929488
13912305107
15355473697
13777926677
13963529190
13316164343
13922149599
18960961743
13179157333
18056119996
19905835538
18837228890
18710270564
13011113388
15050068728
18257912262
13275094999
18525309525
17762075426
19950166695
18246069104
13504110210
13160802208
15023250243
18863119991
19896623911
13456006779
18291962186
15609699025
19927434422
13670486622
18938002721
17728065755
13268351514
18566465443
15927171670
15996890245
18960706444
13918784751
13712541248
15622137064
18357134993
15396085765
15968670902
18053642008
13501390316
18002208485
18690116391
13346802000
15227118816
15910182755
15669582147
18027084469
18991861813
13054977774
13771832429
18612187946
18028035790
13377239305
18129568613
18928866956
13573567920
18206379933
13989871881
15801284151
13971892751
15911507357
17816694837
18029904395
18939543198
13566681827
17691145333
15255728862
13367520033
15384647431
18761131805
15836631558
17750086039
15140087772
18826138687
15377142555
18672887462
18937693728
17347261763
18163255830
15980460400
15705891889
17825842901
14749553486
19927081617
13225218648
13146820353
18046173284
18482097091
13913996887
19988548019
17372208171
13192660057
15556071657
15988715303
18680328355
18571552765
13584234563
13404260175
15268641314
15229222601
15270567709
18824125531
13566286905
15112579566
18306701175
15706749081
18925196588
13951360888
18726655799
18960566539
18896703998
13657253600
15751083215
13395353966
13654511713
18509131003
13117141999
79182329026
13527742035
13320130256
15377227852
15606048797
13173096888
18575378846
13971305402
19846625112
18168192899
13456951119
13389036558
17700663258
13810213506
18919915553
17633506214
15303984191
18679835668
18118158545
18060479947
13220770806
18604460931
13705343631
13355478978
19848333694
13096683250
15005099587
15639089431
15000298187
18925115769
17746513517
13757683428
15838329137
17715005631
18986172574
15038003430
17563516182
15738422122
13763129777
15388662054
17603003952
19992876968
18022483580
18518483112
18267239017
15822466619
18100325605
15575158945
13580892885
18059201818
15689719228
17724246602
15800772393
15927272770
15926330042
17707398136
15030648456
15623344591
18201858726
13760635388
18906524667
13986600428
13557016908
15509295567
15050034226
15899156687
15510023344
18663021760
15955111183
13067331999
13616460456
15633332888
15168228818
13826599248
13520744063
17360920691
13434136619
18138410089
15209883184
17737183434
18820026851
4000-607-707
17850975746
13845647827
15815878420
18131045923
18127876289
18082058470
15511292729
13311862606
18699795989
18096741623
13062126151
19965205801
18855998878
18385878788
13288620661
18737060678
13824759058
13548744026
15887089915
17604602581
17682457317
13618194423
13823537207
14704797017
15040496480
18069962781
17703968177
17700663258
15828564640
15623772387
13164764475
18261111011
18006368346
13202143111
13935950497
19913145745
18785136406
19949298689
18186458348
15689952823
13416117151
18865921079
18042417298
18643211940
18672887462
18520746517
15371661177
18171700816
15151787907
17758189295
15322566607
19802893713
18072682355
13711771763
19172520147
13225317160
17334382021
15879358005
13592616102
15970290000
15195774146
18709807733
18533092960
13802997836
19802034387
17512932083
15964529999
17796767826
15759847532
19857937228
13339119536
18966023520
15168456099
15658565447
15389448810
18913779639
18767919616
15271530755
18623166002
15927554060
15259010212
13297941095
18325879120
15276462031
15141227412
17306739616
14768729111
18637678688
13567140770
17601491056
17621829712
15110162238
15517811962
18526230775
18005733627
13036189998
15382381703
15860438675
15181115379
18965379273
13675271228
18633706603
13950140154
15359313061
17724686306
16561190810
15869710501
15075123310
18022044163
15012481307
15763784777
18032777771
13059506339
15731734551
13511476946
18911590084
13600821279
15900005418
15394351978
18629651969
13995502767
19990011007
13671925745
18632676264
15829672823
13957928953
13137140777
13418468842
18661943696
18626388882
18367999697
17306688460
13802516226
13042002112
18058247118
13615761110
15294757512
18567152456
15070779329
13413522805
15217307799
15961802715
13400837879
13031707525
15510023344
15217008885
15370773687
18191699617
18362622577
13839836111
13905797270
18937058065
17350973378
17352809628
01053391936
18561103389
17759106544
15962129645
13810473751
18024544955
18126149006
18205996277
13168555111
18065437272
15185213269
13702171118
15081209388
18913635833
17818874015
19826127100
18115339873
18963392359
13586497529
17563597203
18948597377
13609829445
13968867166
18689766730
18932457132
15565268676
15270335075
18750228881
18678780068
17727978985
15396992666
17608250999
15051586811
13858906204
13501968209
18825966687
13113849022
15028143604
15868785287
18867603788
13561320368
19858393371
13588257596
18326505668
15870712205
18988063536
13622261002
18358485744
13600556065
13240790319
15361645170
13285828101
13645129555
18762489932
18758781511
15510023344
13301179585
18594031829
15268858181
13922264367
18022483580
15701644373
13179991989
19878241119
18908265388
15830772140
17831030001
13814448007
17348070473
15211672255
13723909971
17688933412
17111133595
13555882836
18955464567
15831886422
15951873297
13790088860
13717387560
18665065396
17707398136
13238238857
15737186686
15706632059
18520413931
18310582173
15057185332
15833169062
13413191352
13162512036
13537185541
18738171355
15132062597
15367606321
15052252225
15167397388
15242212271
18558888083
18257055553
13718485924
18388262867
13167000208
18635619765
17749740108
13343980600
13826535596
13362975690
18157100153
19179130950
13053948883
15835483005
17330240922
15551888680
19895961888
18695855333
13397772838
15013920388
15290313309
13093782528
13107694639
13185778185
18352206021
15728054920
18663058170
18042044816
13825191918
13055765106
18359738170
18111228268
18055333522
13360409507
17343016186
15017804496
15632622391
18977056858
13253015751
19124384902
13755773547
18953755311
17794523695
18106331575
18665557901
15589779339
15004045517
15375736031
13589719815
13814408373
15925725810
15353768989
15620893257
18611920975
13174938022
13238588139
15094359365
13739251956
13666876176
13631793057
17354264961
15062902060
18068235456
13811455799
15659155362
15757124135
15010525059
15058476984
17631761228
18500731535
18159280427
18072761002
18816856620
13505039512
18253685137
18625026809
13935140340
15557908800
18571129413
13971148899
17880350131
15056658108
17855207345
18562000528
13437563005
13572533097
15553091110
13552273664
13925791139
18628058589
15233326760
15990733088
18596771419
17860979795
13860066890
15911183040
13522071121
13012180069
18925292281
18578796652
19951883683
15779558666
15257119991
17036360881
15014846858
15215860779
18583880887
15985752191
13516724156
13349984730
17603443694
17771773521
13631505488
13826126184
15355450580
18126841606
18035178554
18320551543
15541888311
13764227703
18101263521
17357921236
17876145473
18026116707
13738384798
18188622610
15895264969
19913655350
13822192990
19927364296
19829762149
15510023344
15987586060
13072488836
18605011525
18758828183
15800463301
15759292768
15915863461
18192696655
13338576215
18865714586
15298340188
15510023344
18638807502
18058424589
15355473697
15001881660
13037669565
18559597790
13573285565
13148817123
13751051385
15173070866
18024105746
17369861621
17379373187
18676973025
18612635018
15626496761
15517002515
17385896656
13055792338
18923481538
15140787078
18002856070
13780127771
18888964567
18012163322
15870064830
17335256255
15054265850
13453111706
13811070714
18083857296
13484654168
18323453721
15510023344
15225239778
13760398651
18680192750
13810344588
15719212813
15106579886
15808072994
13758787851
18367377027
15936774732
18008640500
18067810202
17818886628
15810180768
18921223866
18559303187
17696873633
15373112066
18807958080
15840618465
13543408992
17615151917
15262688123
17740866624
13338412022
18397974826
17728449696
18972645503
15234130775
13510436990
18924268384
18268829077
18674302899
15723609665
13140323999
17775267757
13527738952
18936366816
17759222239
18538724901
15675580998
13731811461
13514991678
18447292111
18223333466
13802402961
13636341185
198385558808
18058930010
13867361893
13645817550
18912021245
13326002831
17660959666
18853795455
15343016429
15887558656
17750785212
19107013177
16696357999
18079618819
18612118860
15356674219
17709276175
13920091755
15612846054
18647121933
18941643662
15207697577
18106527412
15371131565
19903304327
17759130654
13466554567
13197511267
19813281246
13351996176
13195375369
15880012376
19180346807
18122051530
13055763008
15702122619
18900388007
15251811812
18726250022
18662685272
15073850088
17734564422
13808781602
13630425007
15050925517
15558358281
17681738228
18666467204
18510927211
18676190702
18773808972
13818422288
13872604183
19902480390
13196876872
15868527008
18740141456
13031101996
15637031165
18172835858
18106334564
13670170317
17718306586
13733850097
15718827301
15862911588
15077903116
13556134602
18624960609
13388450517
18372244495
13422385540
18970608560
18702366096
13826452821
17602021393
17097114123
15390654380
13524098893
13833684695
18094132046
15117252653
18693097027
15662775384
13365275200
13630089525
13713044900
18802049436
15065150001
18520395260
18102690240
15833782570
18990962362
15515522779
13323260611
13050014561
15821341668
18636679992
13147206389
18758258905
15619275131
15958928399
18591983780
15362072750
13305026615
13930450671
13776361543
15995035351
15303514001
15538368358
13524949495
18607036510
13112180398
18600345910
15380988087
19975211519
18520586051
15184956832
15876560085