18762993229
13191981991
13512734703
13211051840
13318054976
18810489463
18588745262
18218313920
17816439220
18769634728
15502598777
18500898656
13560386330
13507974884
18581183865
18588665466
18062896399
13646199852
15270703735
18367367980
15216863647
13570545739
15825776512
13916180683
18782211918
15869557889
18206130219
18250514560
18944885721
13712209027
15829027734
17368086061
13304614069
18191187584
15858263512
15333113453
17681938947
13456782468
15392961541
18981579888
13205033803
15622362145
19934253013
18507947777
15007491987
18006601872
15189031125
15957359659
13365029912
18971095839
18962591756
18601022587
18079414499
17703274669
17727827722
18774133927
18922340662
18238480328
18925701725
18724086865
13366573072
15833169062
13333837458
18741594689
15510023344
15508631927
18254422281
15356916559
13082239695
15206603099
15750780120
15924210070
15591061888
13453402115
15900015136
17280963225
17563597203
18587049922
15900400311
13485079398
19935822527
18820025730
18974816796
13132536989
13697807006
15669561066
15621429752
13814273223
15088303811
17605185610
15050926921
13373237503
18966043801
18451073661
13621621518
17720176787
18701330885
18857281374
15228951013
18652269666
17609960935
17367913202
15961225893
18059295745
15810904790
13277677377
15388825550
18727673999
17707990230
15684592567
18588235863
18650560078
17713563004
13027100652
15861043211
13023615613
18051259595
18357134387
19858962077
15903736363
15558112005
13596608908
18121605557
15669887593
16603931785
13342421882
15712031841
18363321478
15931601182
18725640063
13810214431
13138169953
18093924220
18670228861
17715527796
15373998091
18991363308
18651900167
139148566688
18914752793
13842062456
19918292100
15270059119
17520467713
15698777776
18178393380
18863929908
15924287080
18258987572
18057994486
13083245258
17603443694
19939936467
15893632005
18607967758
18151656702
13357620207
17620755896
15677147712
13855620741
16672045666
15753421205
17858389210
17689251509
18931137981
13505222559
19967436581
15194272287
18668995258
17628122471
18519662471
15930926111
19825593740
18568773663
13812310356
17368460890
19942669341
18805774177
18936099993
18603632242
19937816025
18790638404
15216417682
13931666461
18612637770
19974823351
15866643993
18906316025
17508296789
17764542525
15190020304
15272913700
13912176197
17817538147
13588593958
13205898757
15626668086
13790378882
15933583957
13518091187
13760163344
15558679579
13808462597
18942555223
13325831468
18008644088
17372062210
15058179811
18985246416
15527217103
15552119316
13600189749  1868213
19176936085
19905997636
15591838870
15835865873
13515175859
18827020377
18794136779
18072860066
13004046767
15983596788
18060735694
18900365161
18917757433
18382774107
15838076605
18972645503
18657906077
15621000091
15510023344
18962323555
18995902899
13610787366
15846125506
17306894245
18111171724
18222939033
15105129688
17621414624
15672867368
15955583428
13815721536
13904989642
17734102085
17513339091
13161890956
19155173379
13466653364
18439446444
15262437739
17388035958
19991902648
13416883640
15583305581
15021096966
15997574071
13360114120
18806920000
13701537118
13814579182
15241298789
15510023344
15566873675
15757141499
18625212050
15252686999
13193781991
15306791192
15076770990
17877998517
18615607272
18298368600
18626886090
13716192015
18742111480
18659594555
18333729910
15052777688
13227263306
13338707935
18704109966
15368686319
15689653717
17650501133
15967769912
18562016727
18954100701
19892711013
15333269685
15957603088
15000137315
15600558828
17336181961
13824440588
18672885580
13377230129
13611335684
15975126446
18663383515
15888894739
17306770337
18525189853
13103603206
17858909278
15951422112
13269112071
15138680097
18035178554
13553838595
13369589127
18069962424
19921677701
13896014515
18072698789
15653195025
18257230234
18903390740
13979445378
18689437163
15895268160
13991736844
18221873178
13913639894
18313891948
15966069595
18688482027
19903830097
18253123017
18413386421
18961892216
13731222326
18802425652
15260920771
13926274133
13910795686
13669513142
13222222384
19935358167
15922053520
19106843882
13806989911
18372378702
13839200066
18102293447
13890710429
18258007548
15510023344
17775796351
18032905171
13632592385
13520633208
15267680206
15396533861
15865485790
13998114217
15006155252
18633090325
15600971234
18934907528
13604958618
17642064912
18678885998
18573174742
15840959286
15936278915
13001943897
18323776567
15976395655
13456748021
13005100846
19983754400
13326499753
19905183773
15503885557
17532089628
15158987857
17816393177
13850505008
13400900622
15288866945
17511698520
18868036798
18806502083
13074542277
14750661213
17701578018
13003901520
18236078960
15981380006
18661989786
18751220234
15958320719
15819560506
14795892888
18312846715
17856296504
15539363838
13295082919
13777511087
18006074272
17786301164
15217764858
15385157863
18369989535
17365299829
15510023344
15504603633
13259918164
13775429993
13172501010
15827566166
18963005687
18072843691
17737888812
15518678502
18792719772
18333103933
18988224848
15160859157
18092400095
18304064688
18823117130
18770062961
18396089697
13283097625
15292158828
15727162020
13217079228
17502027009
17706897992
13560019460
18966516471
15814079621
15906867139
18241074001
13673686735
15238555273
18913655574
18612324240
15950050515
18604345312
15042236550
13029988432
15161133990
13774959666
13773041597
18857921620
15195739266
18855330113
17555176999
15996673281
13889251382
13707620865
13310635091
19102670152
15376981475
18956246113
15150950561
15859108800
13485067275
18102178511
15220256088
13614040655
15871414689
15151212109
15355121226
19131775643
18914833660
19137900597
15862595919
13751820958
13844150942
18081161528
15837080005
15320264562
18265971497
17630778140
14783703888
17755756188
13808009757
13488729290
18104672290
13730294280
14749552330
13570250520
13671384594
18510623783
18178323895
18944337282
15252849277
13175130131
13778380818
15818306542
13596039777
18565311112
17688870003
15937880494
15985776371
18358306055
13665236128
17862347318
15653650635
18168131185
13815468680
18954581734
18013780067
18192088092
13505058616
13693298183
17773033337
17798571773
17712670980
13287849560
17788952495
17638693075
15360699155
15384647431
17816430866
15016898759
17180102775
15041030783
15573358348
18855354860
13249829738
13416137977
18387034211
19937652735
13675110333
13333277635
15668592167
17766317083
18515513426
18841273571
18811454755
18660210667
18060163937
13249658710
15967972665
15659704993
15034581355
13088368932
17701352725
13524420296
17808702707
13276020255
13711000676
15723891855
13176360026
15144481630
18956886922
18845422011
15571392810
18830110202
15571725461
18663058170
13427182384
13158268735
13234101564
13099899594
15355360003
19890559044
13288879814
13615880653
15151226552
13396169896
15919236888
15868882815
15267330221
18867500037
17888616558
13031857658
18547186530
15219377412
18022385988
18027415091
14755670007
18561361726
18792954848
15261360050
13084528588
17810677324
13213539828
18072866820
18359482739
18660607251
16730571177
18071668869
15572285560
17762671989
18815103197
18550095505
13294623333
13726405211
18865910175
13238855383
19180521996
18620873150
13223051889
13951493084
13030000183
19969283365
19126701678
13826011328
18967966627
17792860310
15675984528
18813254286
18581813676
13605683852
13654379711
13752591718
18604289889
18826764090
15381748211
17828837405
15558826118
18014128899
18658296301
18972645503
15068864571
17888627652
15866643993
18972645503
18591889528
17640114231
15944311198
15097570236
13817299684
18550327026
18759730665
13803112587
18991041175
13073893522
13125288893
13278134444
18352150927
18046446441
15062028784
13636481350
13807745057
15351908333
18159589262
18030351789
18060479947
13242585626
18568669233
13362998579
15925636712
17356720462
19176612646
19941910080
18956999123
18851025010
15051158053
13956268193
15068183675
17326562670
15820249937
15297777278
13031178091
15060303520
13290872566
15699199577
18765816572
13378714335
18645364333
15631107713
18168444891
15510023344
15833488667
18817144511
18350232000
13663523987
15068127049
13099444093
13210590565
13713171791
18972645503
17751714181
18743390693
16637055789
18811771180
17703732624
15356938612
13039206871
13456245431
13178882617
18175006876
18649829771
13757086057
13731752601
18927635159
15567950791
15828163142
13756973333
18102835960
18805859357
18049523201
13678101210
18925196588
18258839450
18361066168
19948161961
17390923880
18966022970
18895663609
17640262663
15013371413
17854170919
15267345101
18889198643
13981627117
18602111790
18611384887
13775433313
15653868818
15332455721
17315447273
17720860260
15073701008
18050072799
15268601496
15392997895
18327174709
17756069075
18093608112
18020710335
13469963112
15001699710
18815095550
18898838037
15355891980
18972004019
13269185499
19986921014
19893404343
18102611639
18840040041
13525665395
13362998579
13606650718
13005110267
13712820150
13380361073
18780080656
13303328346
18906536881
15298771386
17520078173
15001233380
15963939769
15240326090
15359776777
18610866142
15510023344
18630385672
15260983488
13795156000
18824198241
18352666697
15893619074
15061375305
18172216899
18761421976
18516168565
18358930604
18966496252
19976698171
18102841858
18012657223
18606106224
13389101987
18959198336
13641630883
18107903616
13156013030
15640146771
13268234698
18666624085
15658762878
13383705061
13265122019
18268872573
18638062090
15803800050
15303166642
18976232224
15006899191
13167765199
13022025017
18779705654
18702549822
17816251741
13187702440
18927471123
15510023344
17666660762
17355646606
18189588545
13187283999
18331955593
18036682998
13524411644
15669593072
18050791856
13157202159
13111629870
13735502065
13255693341
18908722825
18971770977
18751252707
18520576118
17526882180
15960362442
17681930989
13220097307
13415879428
15916618808
17721488998
18990110765
18280225422
18600023597
15225432422
18923724522
15502269335
15602447376
13606359421
13842833391
13128954600
15969887146
13962831443
13824378070
18927515670
13777525820
15210112668
19112806781
19143590118
17505324779
15258859453
17338423589
13999286473
15524272962
15113086303
15589108729
15571356075
15615675665
13063516717
15941577148
13924661219
18056399750
15252171705
18865921079
18002146232
15514966815
17357921236
13551854221
18815003439
15161166327
15988159120
18629005616
15068171395
17338168026
18676696950
18653560709
13071730286
13838550461
15652402209
18559217911
18232738993
18705929124
13826462920
17700083949
13304188806
18072377222
15047938621
15348505353
15157933195
15162714661
18870403866
18657657060
18182435657
18052322900
13115151588
18868530382
18728303265
13366584074
15948741942
15018446884
13814913218
15557976304
18851204377
18027415091
13558867689
18140404377
18182407907
13644117323
15705158281
15072428589
13326823311
15887551316
13914943236
13707273890
13544526903
18796321338
15160878737
13245688140
19970558338
13071291314
19832792732
13242265377
18609825090
13793181668
18537070686
15195953060
19145425213
13480333025
15166366990
15372410497
15222184541
15343700008
13987553988
13388081887
13947414532
18583818351
15919129476
15533375000
13857680735
18926159370
13819031900
18972645503
15046369011
13312993919
17844252733
18060857436
17551581181
13615784001
17773059488
15136438095
13066009816
17853833568
15270335075
18561436983
18248508308
18915261309
13735699408
18338447171
18607375745
18364112395
18106842105
15110113915
13303975256
18145694872
15920483967
13831200008
13725736772
15395222232
15168329822
13438157386
13775598539
17303564086
19857062439
18469156301
17750218325
15332455721
18246477727
18606666065
13946554633
15137025787
15646737877
18537728899
13246841906
15556211630
17714415359
13011822261
15915622661
19905818097
19958146042
13299239174
18863238058
18830979799
17857932182
15154645567
18206215982
15531885188
13888307109
13813751711
13573285565
13567946165
18329021688
17347049718
18364112395
18362626215
13819928428
13255693341
13923900347
13810359867
13757914503
13316876889
13910516070
15182244492
13631510233
13695773333
13770822872
18279093235
18810462291
19903804275
15630586639
18757857070
15950012269
18305756560
19913145745
15831216162
18697772887
15938123636
17684569555
17376193557
19946868567
19128657701
15573358348
17326040345
13257993656
15295608273
17605630060
18596093598
13057937578
15876893707
17372618885
17770782050
18908846379
18525282368
18612313987
13732470692
15629388958
13909114116
13092370050
18138484801
15088770783
17775796351
15677772316
18861507660
15657965955
15157155796
13760627557
15807720818
15957948791
15510023344
18069985234
13671876652
17367127987
18978861093
18657919926
18155603326
15887876118
13823961078
15612189969
15351833367
13941962944
18678142985
13234120619
13110929979
15902622213
18611723792
15708432911
13141516619
17729585317
15705193345
17711891352
15318666191
17791428195
15895792662
15800533280
18811603469
18361881929
15533541325
18948906914
19987916666
13925848969
13011186216
15755359930
15386359678
16675521593
17750393867
18566399060
15010065226
13761380328
18680788428
13962240699
15561133130
17616202088
13103390619
15342787807
15223265411
17800228292
17725652250
18513189893
17121222222
18611471002
18753316988
13840355052
15229938900
17674068812
15970533324
15062612835
18713049417
18380178433
18305122520
13456776909
15833376082
13814046171
15918651288
15504909448
13653634418
17076672837
18124785582
15759666061
18570407007
18297767285
18936688827
17719039153
18832767566
15968802924
15811932341
13840420510
15818579530
15996634995
15264492846
13382209288
15162199319
15801571139
19949507640
19901554284
18198856585
18960188586
15168395725
18626886090
15356197567
13304667897
15245621322
15221129293
13069212690
17636005897
13651353826
15510023344
13421358780
15998050509
15397285352
13500100088
18965127613
15268360320
15613957981
18757971753
18664651205
13961449773
18672676644
17601600685
15953275225
18625598099
18222843030
15666421918
15004001383
18612317322
18660499997
18982171561
13267907988
18405839989
13332997827
15116922624
13453396257
13011032672
18767151149
13802788240
13775644320
18659709909
15707960789
18954100185
13530816404
15051621103
16687256889
15175978737
13623290308
13532808885
15862408760
18309815106
18088202653
13058961397
17667182668
13631974226
13914293025
18586011440
19924334465
18957543341
15360449501
15356918150
15832809099
17702519266
18015266028
15169715065
19924293404
18900322027
15680001693
15309273989
18710773946
18618300959
18322904109
13048510812
13773095539
19120819561
13938298371
17306011380
18945887111
16673260723
18853101897
13065052257
19882116616
18951398586
15581836336
16680560611
15376490197
13380002995
18045465338
13515255572
18088006941
17379951456
13957433376
18633340838
13931705220
13818620064
16675813565
18787070991
15869916344
18127899249
18107911208
13962311785
13160623323
18622669301
15327430742
15753033228
13806146696
13860765513
18629248105
13326451022
18815022369
15591862790
15807126968
18569361504
13875962772
13101264666
13679798318
15327295131
15680999071
13617910350
13805869793
18988207683
15051152235
18914923411
18996691957
18551095738
13120311666
18910535730
13221370122
13385498386
18338731133
18320775889
13998927845
18253281281
15217228285
15365394086
18656287001
18771918083
17717037830
13682950029
13335539942
19906876109
13815684557
18601530567
13656664767
16603592667
18003122222
17801442447
15161330221
15824057956
15659753218
18952027366
19924639348
18344677058
13661097993
19950357430
15128713955
18969061133
18815095550
17783884795
19895965139
18561087314
18105687255
13587506208
18955926077
18303321765
15365809579
15022340333
13841345832
18016165000
18909559578
18758831454
18621796698
17721539836
18115391035
18028751812
13163753047
13911232213
17512026735
15554130736
18606836931
18905996547
18606663733
17603443694
17398378887
18328615439
15757617227
15260983488
15266397879
18751507070
18155658456
15297704977
13915641939
15284004883
18525758928
15510023344
18792185885
17503060575
15922861559
15215853371
15558165351
15370922933
18931770568
17670457158
18084665624
13226672652
13318715313
17673101056
13376213759
19983257844
17798372253
13315760825
18189619703
18715197862
15906799237
18729227140
13324329922
13526639290
13576999996
18677365669
18228955072
13566632888
13822253545
18754375756
18302027529
13253718762
18594048589
18862172568
15860400492
13811545303
13821824212
18007829896
18027309212
15205127987
17327399977
18510927211
15195733105
18879378800
17772298446
18648264879
18268075935
15252890268
15906791548
13148977777
15050607214
18360506011
18659831712
15376615765
15081209388
18720159348
17369736650
15905810507
18200260028
18142088682
18660531033
15242534489
13629265170
15576237632
13707081612
18666814007
13405229771
13927706246
13925169801
18806829323
17316299831
15383190646
18888190018
18267428215
18768359023
15889916989
13828872669
16631154376
15906738301
13643073881
18759680715
18967639553
15024198291
18686808975
15394348484
18672887512
15984692043
13729616860
13295796820
13110474568
15271179979
19881767786
13616460456
17331840726
18560215051
13162160826
19967436581
13390844095
14868033737
18950053126
13367418679
15380299527
18988933923
13055551666
15068727229
15868989131
18367911321
18011852536
15731747011
13559542993
15179454341
18862172773
13883362520
13559731664
13629166169
18205123989
19934387068
15268067456
15001522559
18225892230
19939859768
18631683978
15841804996
13969503175
15002081515
13212120307
13132011323
13033346716
13804894900
15657902375
19817935705
17715518562
18756096961
18061351156
18270079796
15157375936
13574892727
13760676962
17610241778
15695917182
15608886336
18924187349
17319451681
15057950196
18676633222
13268207959
15394656166
17660707231
13412895469
18824672123
15150129611
13241074983
18736799620
15242212271
13677235660
17757897859
17798972175
13276929333
18596258999
13824407003
18959119911
13754423456
18864913730
15915743633
13905593962
18546045270
13593240520
18902757713
13378850896
13323770507
13784332143
15510023344
13433740326
13673184801
15552895103
15900996405
13124337616
13077807431
13339995366
18183037550
13487449760
18406594164
17721795144
15334488888
13671923836
18043762586
15280519026
18591882555
15264201688
13731075006
15376571419
13120949230
16602019618
13759246651
18709862108
13215060181
13306176199
18054748529
13713518691
13955888577
15130119261
18101797721
18037022282
15088565025
18248533151
13315145620
18961493106
13805128605
17341517226
15163957611
18595719410
13103842257
17718116421
18613959896
13338951113
18073322060
17783802841
18300101905
18573337870
15201563795
13418468842
18287239283
15315507145
15967975812
13439595044
13128680553
18669491818
18929576166
13602525971
18150080316
15634358976
15935926428
13484063066
18268221712
13732650549
18240400883
15057924080
13307164126
18022930907
15946996425
18291833990
13272290020       18
13952586012
13722713492
18514401024
13751140487
15650797168
19978024621
18877665081
13942903904
13395858227
17338431235
13752080031
18767180588
18229015932
17763363730
15510023344
15170538065
18581066755
18507626588
17355514259
18960116797
17754366913
15844032222
16621170670
15680585885
18136487505
15304823690
18053501900
15025614410
13322221792
17825842901
15068338880
15658909663
17715257425
18260281601
18305811668
17320550902
18751220234
17737535000
13375896889
13650641617
18169478448
18684777788
18912165612
13426115008
18519118555
17080050765
13222972345
18789892627
19874012943
17761570199
15346006383
15143146291
15099877739
15397268262
15146401218
15879031900
18313972607
17189598372
18229792856
17062162656
18680573377
13868593691
18603961267
15229860077
15930144104
15138147577
13413715243
13685175067
18939463006
18691846102
13567272572
13974918908
17791320954
18746055662
15957944105
15754128877
15987138097
13643373935
17753272669
13160088910
18817909458
18375963287
13621562508
18801212529
13726541886
18339226918
13322229698
15873158282
15081288348
15607655581
18254222111
13815963200
18917332330
18588965423
13633030615
15339995475
18360509806
13353863676
13435594020
17611271897
15510023344
16604185182
13879443680
15737973031
15069995375
15655105615
18115197799
17711579426
19862397000
18329021688
18266902724
15630794222
15818526420
15689277372
17861432221
18513973188
15319433571
13799689568
15903651252
18954100185
13625543066
15854280569
15250287723
15659666690
18650811228
18070290747
13167705411
19927445921
18007020902
15807206560
13989807270
13801448543
15038897819
13810869207
18606666065
18101396541
17379765105
17826988768
13182511216
17794565776
18943923892
18960000305
17689989731
13145326693
13140966555
13476891666
17711762990
11111111111
18666074075
13726253842
15230688900
18638005661
18946658809
18089185517
18676771183
18641475503
15062965037
13957347199
15873335966
13539949168
13302084742
13575715662
15967769912
15150960727
13255693341
15065984333
13578346703
13999973299
18082315873
15932199515
13566117991
18688482027
18662244345
13305990638
18568556106
15916377151
17206056750
13065432156
18539897732
13777511087
15313122939
15705891889
18162285807
18825252323
18911281587
13589220020
15151795797
13019308390
18330717577
13130270669
18971450986
18538559075
18607066517
15079188095
18601370556
15893316668
17280963193
13793623552
17388109923
17691206120
15563679773
15903955166
15711523762
15812852737
13939067056
18281071553
13429981997
15560110081
13638382656
18670581883
13817762446
18990336662
13327128937
15751238323
18160011818
17316355027
13799071252
15017569862
15809602396
13380733911
17350834561
18986007269
13147258096
13067602929
13641328455
15083668663
17778014021
13858961822
18059954777
17751833975
13176147676
15552235351
13516920523
18652448672
18360609308
15167009315
18362579280
13111761865
18575886150
15190075276
18120603019
13357124285
15853906193
13128661726
13799522701
13223026373
17722660056
17550292322
13236316248
13853814447
13253427510
17772285397
19858978968
13806833968
15324980352
15666043882
18507958639
15608863327
17521348102
18806664293
15000713856
19957203616
15027788653
15958928782
17703605588
18514673831
18309338369
13006333555
13085131813
13392307372
18714511626
15253167673
18300086326
13756269552
15361478094
15356898950
18767916916
13691086078
13047421167
15874821172
15989669588
17785215140
15372948797
18133481203
15145050720
18736891086
15171732552
17786413302
15571031789
15722562506
15051196212
15368669422
15002825666
13722922477
18613595996
18451891111
18605534444
15532157289
18702532191
13732263763
14769263464
15398627263
18050897256
19961926879
18060770099
13928800449
13576765777
18015600756
18653288371
18866872999
14704049678
18103191510
15157580867
17280521221
18165932124
17374791512
16603030247
15162842301
18351196030
17776760870
18521036629
19971987519
18103270291
18908226553
15159871559
18180127892
13830155949
15054508056
13626900250
13867607570
15888411982
15396235981
18934725319
18676562089
15158942273
13336167681
13316699274
13172093837
18972877260
18968521807
13478800070
15838388367
18665591219
19969012621
18703836022
15895614090
18923724522
18174407878
19902919893
15995845263
15852769461
13777815559
13708034511
18362732467
18662229919
18238707285
15601509888
13961312036
18928866956
19950378561
13410314607
13776215489
18368663125
13602282644
14735386959
18124023721
13916983468
13799998354
18807505399
13130028915
18657979773
13757361181
13250111217
18651703389
15377929930
15767251880
17603443694
18036572765
18145754927
15214496778
17751714181
17373805777
15922227828
13773083319
15828652140
18320956103
15070368087
15510023344
13231711213
13364256101
13169461313
15567017555
18889996544
17380634397
13786115358
15160419262
15262956843
13750399587
13280596170
16637455139
13385916109
18839044473
18143053698
13335817674
15665562297
15214731945
13067765199
18343375999
15051242528
13926696908
18312012802
18591780362
14739221341
13758120050
18404805977
15299940530
15966040019
18050313597
18675761965
15260825814
13838420852
13201270999
13566977527
18238060653
13777513998
15156041973
18962364103
15818500989
18225280349
15943555180
17721355459
15001381268
18666814007
18824844774
19970578686
13305310826
15535969866
19116037758
13537616801
17769942006
19108313289
13117125103
15325985723
18070114083
13730910618
18373128887
15510023344
19803277756
13053363507
18751223835
18190310322
18786755410
18158142521
13682409590
13913687414
15279801748
13032657872
13823828857
13106745614
17734933490
18954100185
13521486292
18295769843
13766654623
17731919797
13011900768
18037931383
15515561730
15639362233
13670261236
15150966506
15517180709
18114288815
18369379627
18183191493
17621511066
15201675114
13684644555
18065657829
15345435865
18096627630
13122305675
15751052231
18829800802
13582722822
18258277267
13578280955
15941690177
13081069800
18268861847
18611004845
18357240898
19958146042
13456352309
15805092625
17635718666
15201420021
13398822260
