12678101210
13002657160
13005152855
13028664651
13030870871
13031101996
13032963111
13036189998
13048637000
13049913887
13049984488
13057050595
13057844620
13067990359
13071291314
13071817840
13074542277
13077802393
13082239695
13083970811
13103842257
13105058043
13110679606
13111761865
13115240016
13118869999
13120311666
13123338218
13124221408
13126709187
13127003293
13137031876
13138169953
13140323999
13140966555
13145059588
13148898320
13149877777
13151812666
13157202159
13160623323
13168938404
13173697731
13173816838
13175620777
13176147676
13182511216
13185135362
13192949224
13196629619
13201482139
13204121113
13208023530
13212120307
13217112828
13220875013
13226672652
13233649563
13234120619
13234533332
13236948656
13241135923
13242274702
13247572888
13256286051
13256620175
13257159363
13263551717
13268383838
13276020255
13285022823
13291570065
13293384472
13293884472
13295248888
13299239174
13301571762
13302717876
13302774926
13302779116
13310872894
13313130288
13315145620
13315760825
13316007483
13316849048
13318890296
13319197516
13320059258
13320517059
13330578438
13333277635
13333837458
13335372118
13335539942
13335961711
13335976608
13339473198
13339950260
13339995366
13348691812
13350718633
13352847543
13353863676
13355853446
13360028353
13365336963
13370842137
13371213276
13371371942
13371486888
13372152130
13373237503
13376213759
13382128302
13382154173
13382209288
13383026901
13383763363
13389101987
13397794159
13407104800
13409138333
13410971797
13427425361
13428947489
13429981997
13432341669
13435290101
13453402115
13454987071
13456388860
13456782468
13466524218
13469963112
13483187147
13510116221
13511964289
13515711282
13525513988
13534213914
13537540520
13550137764
13552309819
13554964365
13556789858
13566717254
13566977527
13567351081
13567788172
13574325678
13576765777
13578987085
13586001346
13588331547
13589698162
13591695160
13593673667
13613361736
13613672527
13616121149
13626863287
13628825558
13629265170
13634134077
13634243869
13640632097
13640813670
13641328455
13642504238
13645129555
13646999944
13650641617
13660359090
13670538145
13671925745
13673171742
13674836821
13676270921
13678830558
13682926474
13684644555
13686092701
13693553372
13695807717
13698037856
13702171118
13706866937
13711112620
13711666025
13711881020
13713830223
13715880876
13722090403
13728303361
13730294280
13732470692
13736148698
13736781110
13750488867
13758132822
13759246651
13762691550
13770822872
13773031319
13775924100
13775987641
13776215489
13777511087
13777513998
13779876541
13790088860
13794812465
13799689568
13801448543
13802755095
13805123521
13805128605
13808009757
13809825822
13809825858
13810439302
13812310356
13816442310
13816784874
13817549005
13818174679
13828882522
13833254722
13840415237
13851243945
13853814447
13854130170
13855986727
13858418485
13858581001
13858999464
13863395623
13864847458
13866279912
13867361893
13868588887
13868593691
13883362520
13897965665
13903073824
13913937503
13914943236
13915641913
13922192990
13923620062
13926357488
13929534780
13929608425
13938838265
13940118350
13940362345
13945466653
13947936236
13956735995
13961449773
13962831443
13964209173
13967650339
13967789859
13981627117
13987157533
13993952204
13998114217
14052495050
14759769390
14769263464
14782391179
14784755379
15001314227
15001381268
15004001383
15004122413
15010030991
15010321032
15019113141
15034567862
15040727122
15041030783
15042236550
15047938621
15050926739
15051247278
15053907512
15061374571
15062903985
15065984333
15067139596
15068082117
15068127049
15068260033
15072013302
15079878166
15093835883
15096313987
15099752380
15100198641
15105129611
15105853203
15108600915
15128713955
15138610097
15140043049
15142245309
15143146291
15146401218
15151192932
15151239883
15151771246
15156041973
15156425509
15157321615
15159722575
15160011539
15161125861
15179454341
15190159871
15194213561
15194456240
15196600082
15205172889
15210311886
15215860779
15220256088
15225019931
15227359876
15238083180
15239721718
15242534489
15247572905
15251278959
15255331525
15255331535
15255359261
15257110549
15267955122
15268191614
15268885898
15270718899
15280519026
15280841351
15297310078
15297768607
15298771386
15300208884
15300996456
15306337700
15309293259
15309812041
15316481890
15322408220
15324980352
15325985723
15333269685
15353697219
15354513177
15355300026
15355393001
15355586580
15356918050
15359985210
15360420899
15361478094
15361654880
15363481890
15368156676
15368654880
15372166813
15373760857
15378529897
15379809666
15381771660
15382575522
15384713045
15387073722
15390092898
15390654380
15392514025
15395181915
15399426198
15399994394
15502534539
15510029008
15517002515
15524205612
15525008900
15533322236
15534583233
15542135213
15550296006
15550909678
15555472935
15557157563
15557293308
15557976304
15561133130
15563679773
15571356075
15571616401
15572285560
15572861166
15573322355
15573323255
15573358348
15579336028
15583498969
15583587371
15585219306
15595164666
15600129501
15605131326
15609699025
15612189969
15612701421
15617775008
15623772387
15630586639
15630793944
15630794222
15636246060
15641237668
15642943223
15647421579
15650797168
15653650635
15658762878
15659889212
15668463544
15669593072
15670288825
15677772316
15680585885
15688885774
15690699798
15697888073
15700127705
15708432911
15711828831
15712031841
15722449144
15726897654
15727960448
15737991569
15740283130
15751052231
15751211620
15757136383
15757995440
15759183842
15760716756
15762267356
15762838068
15770838073
15779119280
15804559854
15806059758
15806089758
15807129698
15807720818
15808123832
15810227657
15810371514
15810456826
15811932341
15815865756
15820249937
15824126358
15825750183
15833376082
15833929250
15835989456
15838388367
15839929250
15840301043
15840618465
15850825862
15853233538
15853410788
15856677620
15857386828
15858263512
15858842920
15867971096
15868910731
15868915562
15868936719
15869135200
15869191920
15869261424
15870760684
15879119280
15882633464
15888411982
15895567219
15895614090
15895791868
15899156687
15899888253
15899919735
15900970594
15900996405
15901274121
15903736363
15909444539
15915743633
15916004688
15916618808
15918386396
15918914093
15924465505
15925171217
15926223928
15930144104
15930190333
15931623195
15932601681
15933583957
15948741942
15953952007
15961225893
15964178718
15967295753
15967717770
15967769912
15967972665
15970533324
15975134422
15978103862
15978618520
15979533324
15979544992
15980092152
15984587663
15985999430
15986859696
15986908318
15990636358
15990777070
15995747480
15996127080
15998039351
15999569367
16561816207
16602812118
16606373710
16620361171
16621170670
16621296943
16647557873
16673260723
16678628276
16699358781
17154889221
17161629888
17163080888
17206022125
17246574302
17280521221
17280963225
17306011380
17306770337
17316679857
17325452848
17327185179
17328557189
17328840867
17333967266
17338168026
17345495892
17357901236
17365299829
17367747796
17368086061
17374984183
17384578997
17384666674
17388035958
17391739375
17391961685
17506121269
17509178520
17521673372
17526882180
17550509703
17551580280
17551581181
17551852506
17600919698
17601443360
17601507221
17611142500
17630778140
17633590288
17641540390
17652218830
17660240063
17679118962
17688703244
17688768671
17701673666
17701915823
17705758002
17706449019
17707990230
17708028660
17719039153
17720176787
17721539836
17721877487
17722660056
17729178197
17730090936
17737535000
17739657212
17750971696
17751354770
17757981777
17761302324
17761302325
17763251284
17767079796
17768097757
17768097902
17772695173
17776814977
17777835971
17779978770
17815190302
17816251741
17816393177
17816762067
17826547102
17828837405
17844252733
17858010899
17860697903
17862347318
17870465817
17880327994
18002281081
18004985330
18006538922
18006990879
18012258652
18012622347
18012657223
18014128899
18014619928
18014649928
18017048929
18020236818
18021966758
18026295387
18028543214
18036737567
18039394828
18041039934
18045255433
18053501900
18053911200
18056119996
18058967118
18060279947
18065405542
18067962553
18068539610
18068957517
18069962781
18070052844
18072841367
18073836124
18079414499
18079639127
18081161528
18083857296
18086407366
18093924220
18102178511
18102298532
18102658926
18103270291
18103641108
18105348056
18105687255
18106331575
18108025294
18111700789
18118141550
18124092452
18124576323
18124785582
18128059212
18145143754
18148553292
18150588221
18153697190
18154638889
18157466307
18157960036
18158408594
18171955586
18183037550
18194196062
18196682890
18198856585
18200238290
18204208565
18206130219
18206379933
18210027145
18210125227
18211188046
18221873178
18229015932
18232785757
18233716432
18234850724
18236133771
18238707285
18238890579
18240275872
18241074001
18248848183
18250522888
18250672665
18251669666
18253232665
18255469009
18257056858
18257701790
18257957079
18261111011
18266915259
18267280885
18270787645
18271917340
18276362953
18279942923
18280265570
18289427695
18292782884
18297310078
18302027529
18306557291
18307812883
18309815106
18317050836
18321239735
18323647950
18324456912
18346736525
18353229838
18359193107
18360641602
18361697072
18364589465
18365757593
18365819336
18367397227
18367911321
18396089697
18408203381
18408203499
18410009920
18487139971
18506817695
18507626588
18507947777
18510927022
18516698110
18516927112
18518259892
18520247759
18520373046
18525172581
18525189853
18530956004
18531608690
18533092960
18537070686
18537219180
18550185978
18550327026
18552390529
18560215051
18561016218
18562016727
18562061727
18562555186
18566192080
18566399060
18569487666
18570521558
18575312286
18578796652
18581183865
18586011440
18587459398
18588207367
18588665466
18588965423
18600391184
18600441998
18601253306
18602146916
18606272322
18607418165
18611147070
18611723792
18612180227
18612313987
18613189256
18621006752
18623029073
18624003767
18629322221
18630659494
18630680168
18633090325
18633340838
18644090311
18645364333
18646246868
18649963129
18650256362
18651348236
18653561610
18655990790
18656719933
18657012181
18657950102
18658925505
18658929015
18659831712
18660499997
18661943696
18661989786
18663058170
18664392797
18666467204
18669491818
18672887512
18676196888
18677963870
18678596971
18679868999
18687027772
18689766730
18691846102
18695728889
18696360683
18704109966
18710303257
18713800353
18714723418
18715052815
18715327969
18729177925
18733777542
18750834561
18751103393
18751220234
18753894688
18758789775
18765816572
18767180588
18773359090
18778398801
18779053045
18784118600
18788881030
18792333090
18802425652
18806583656
18815259696
18818940303
18821710307
18823117130
18825262830
18825946898
18829800802
18830281508
18832287777
18832767566
18835418346
18838117876
18842030333
18852996777
18855330113
18856750803
18857251164
18857780518
18859938668
18862092937
18862172568
18864913730
18867950922
18876668932
18879589192
18890586511
18903723211
18905626609
18906316025
18906873103
18908226553
18911173379
18913623215
18913690688
18913693358
18922218527
18923014666
18925701725
18926280856
18926578233
18927589499
18927989267
18928952900
18929749014
18931137981
18931271759
18939296285
18941643662
18942208227
18946797888
18949597193
18950435712
18954955778
18955575469
18955979133
18956880255
18956886922
18959009911
18959553332
18960235908
18960500520
18962323555
18962357691
18963037668
18964693228
18967639553
18969382132
18969950002
18970608560
18971450986
18971512962
18972268538
18979973920
18993491259
18995729923
19103926136
19106843882
19108313289
19123454808
19141000316
19157663530
19160403623
19163836040
19803277756
19806298233
19812567374
19826136183
19831731511
19846616663
19850688755
19852675091
19857418307
19858914374
19861059013
19879308062
19882116616
19893825559
19894568921
19895962530
19901527927
19902457793
19905818097
19906577805
19907159732
19928458836
19933745999
19935358167
19939132519
19939297255
19951195142
19951347505
19951802117
19958146042
19961926879
19969214161
19974684361
19981021363
19981346190
19984779916
19986921014
19988541089
19995425660
19997187462