13006737999
13030212476
13041822886
13048977777
13057693888
13063512111
13074359500
13076540777
13100625787
13122987852
13124201191
13155899295
13160865005
13173872960
13177998811
13190888859
13202143111
13220138888
13220931068
13221161314
13235836503
13238777773
13274393335
13295056723
13305931133
13306534180
13311285356
13311295675
13318890293
13331480301
13362900912
13385503485
13403292700
13412935997
13431131941
13469930930
13483063066
13484128585
13522051792
13523110390
13544413636
13548744026
13559188884
13566286905
13571086080
13574163536
13598037856
13613423595
13621562508
13624562508
13626255549
13645945231
13651353826
13653425028
13656717311
13677587371
13693774123
13695384890
13702577788
13710167725
13714360367
13714369624
13714727336
13718310308
13720866728
13759245308
13809883522
13811686956
13815465553
13825048815
13828219914
13847848444
13849988464
13868612125
13874542269
13878964893
13879388605
13902436078
13906676772
13910516070
13913937530
13922475997
13951035561
13980409490
13988252592
14704049678
14790927069
15012647489
15013458862
15020973359
15024198291
15024500130
15025614410
15040259620
15057916829
15058671379
15068727229
15069029736
15092973444
15093422969
15098738399
15109070182
15113086303
15117553666
15133777587
15151212611
15151226552
15151676058
15153155710
15158948600
15166099920
15189031125
15190877331
15216731657
15224272225
15241239908
15251270333
15266111629
15279739970
15297629070
15306369188
15315507145
15319802244
15323996972
15332456378
15351833359
15388942243
15392031983
15396081591
15508608925
15512860591
15533646924
15557943322
15575162008
15588035319
15588135310
15622258866
15623064726
15658150662
15662775384
15669189966
15681868588
15694070506
15703557427
15723609665
15737973031
15759666061
15797868291
15816399867
15818982010
15831886422
15847651266
15857733728
15868937294
15888866512
15895264969
15901009763
15903393073
15910613525
15933230697
15938123636
15941091700
15946996425
15952744077
15955222253
15964529999
15993437877
15996673281
16601206855
17206020205
17300087741
17304470046
17308057180
17321127939
17333626759
17336614292
17345992606
17355522074
17357906466
17363889670
17369861621
17374547377
17385509166
17388030923
17620071742
17642004336
17669629163
17710830586
17711571821
17712670980
17721355459
17731930562
17743405067
17743518014
17745568288
17750652667
17767076174
17769932308
17771111697
17800236525
17818345133
17855739130
18017823991
18026417759
18033090325
18050483601
18052171120
18059822044
18069797196
18077188284
18103325712
18107219643
18107775677
18118784601
18148758523
18168926960
18172835858
18200133780
18217565404
18220302306
18223426910
18226627752
18229806017
18232882966
18235240677
18238673261
18251074001
18252004626
18253154685
18257075550
18258942517
18262784549
18266652050
18268822484
18273492979
18295769843
18302025945
18322323155
18329039996
18351241755
18352200814
18352440014
18358918338
18369687970
18398070769
18458878111
18500898656
18506329303
18511009127
18519028222
18519595413
18520413931
18543461311
18557637355
18569859409
18571106560
18575251830
18575621838
18594048589
18599299518
18600364681
18601480776
18605516266
18607036510
18610149234
18611642442
18623952423
18638062090
18642290270
18659998685
18662255345
18662620003
18668209259
18673128887
18675406005
18675722948
18679111316
18681046779
18686833251
18707137111
18712168996
18713777981
18717815276
18731664220
18746440888
18765542664
18790564077
18801219002
18805774177
18809499909
18815085550
18824846898
18853128890
18858589603
18861386038
18861905997
18886558563
18888633363
18900808504
18905127789
18916057061
18925114059
18926285856
18928893742
18929355053
18929576166
18933933594
18937988599
18951398586
18959692248
18962309276
18969945705
18989301305
18990383326
19145425213
19820305176
19871770977
19941005967
19950166695
19950353002
19950357430
19956598835
19959883100
19975299308
19978252558
19981214340