12849238759
13003563970
13005885445
13006042767
13006662225
13006799912
13007029817
13011875878
13015029066
13018048146
13018916030
13027934370
13031707505
13033346716
13048510812
13052220225
13066378786
13068891464
13070227965
13073657299
13081069800
13082520051
13085857530
13088147890
13088829057
13095731700
13096683250
13109148520
13110737766
13120130256
13120941215
13121080823
13121151705
13122516132
13124074487
13137031870
13142132230
13144223223
13146238018
13153605611
13157903205
13158080888
13163753047
13165981589
13169201666
13172501010
13173111695
13173112175
13175951217
13185106962
13187823866
13193353141
13197909883
13202593597
13205913506
13207498121
13209212761
13221280631
13222603885
13234666922
13236363525
13237980965
13240102831
13249720602
13249829738
13255555899
13260176303
13265363529
13273358181
13276890705
13276998273
13277556017
13283886956
13285947182
13290955195
13291192471
13291609192
13295979504
13296722610
13302271530
13303682295
13304617625
13307594835
13311217926
13311944260
13316076550
13321175150
13321175261
13321981230
13322806949
13325919347
13330215960
13330528916
13332265109
13335083404
13336333302
13338684111
13339194403
13340654355
13345917317
13350673718
13351253562
13352604589
13355180323
13355899387
13355976302
13359879683
13360120350
13362155086
13362515668
13363528930
13366760330
13375987641
13375991671
13377230129
13377775996
13377936180
13378714335
13388892738
13390844081
13391516235
13392324379
13393368026
13396589127
13396891858
13401090547
13401268880
13403971451
13412932937
13429005550
13429109920
13429166787
13450211584
13459144443
13464162649
13464909697
13466528496
13468777002
13479278171
13488232524
13489007333
13500000001
13501389544
13505688135
13509214825
13510841159
13520896479
13522053083
13529153074
13529288571
13530047483
13534027832
13537616801
13538352725
13543500214
13551089229
13553597492
13555882836
13557613413
13560019460
13560135003
13566793179
13567622166
13570229100
13584521918
13590186911
13591241200
13592988571
13596608905
13606460456
13612902360
13621816985
13624279224
13631367960
13635243762
13635745199
13637837453
13642749629
13648066236
13651079760
13656661830
13656665071
13657253600
13660241931
13661655140
13662641660
13665852205
13678101210
13679798318
13685924395
13691000139
13692454302
13692585940
13693597067
13701478791
13707392344
13710588801
13711743895
13717172128
13724304185
13727705692
13729251490
13730910618
13731915531
13732212046
13735365912
13736419937
13751140487
13753297189
13758787851
13758877554
13760375199
13760563619
13767039928
13771752365
13771912249
13772678333
13774525820
13780468988
13786115358
13790679984
13790905266
13792011100
13801491682
13809543023
13811366396
13811671696
13820458853
13820979137
13821822142
13822902219
13824759058
13825079925
13825249464
13826267910
13826452821
13829836455
13834820852
13844150942
13844331490
13844846217
13845000045
13849490415
13858148397
13858164111
13863600400
13866182485
13867418602
13868137430
13870603978
13871960444
13872561448
13884655266
13886099987
13888711973
13891992413
13902742252
13910437179
13912176197
13913185483
13913562131
13916180683
13917899246
13918153484
13920306937
13923954619
13923959486
13926696908
13927429930
13929478944
13930500912
13936188508
13940384556
13950289951
13950440744
13957784294
13958187574
13958419901
13958759263
13962240699
13969779229
13970608834
13979336838
13983681822
13987026678
13987553988
13989427513
13989996881
13995374343
13999090800
14705531957
14739926860
14775378494
14790627069
14790967069
14883703888
15002757598
15003788541
15005075018
15005870297
15007028798
15008123222
15010526092
15011506618
15012437280
15014480025
15014813534
15021727185
15029150499
15034162052
15035221558
15041146660
15042385815
15045191010
15050313802
15053514783
15062375732
15063166663
15064210888
15066896469
15067969961
15068861280
15070652173
15084769706
15088303811
15089380540
15092735702
15095269587
15117930113
15124478450
15130995160
15132999520
15133177177
15143039557
15151779925
15152506583
15153768121
15155317919
15156942345
15157580867
15157933195
15158856579
15158927123
15162842301
15163957611
15164255551
15167111881
15168453445
15169715065
15172566225
15184939899
15190020304
15192927567
15198664716
15198969772
15206603099
15207268505
15209176878
15211672255
15212011100
15218058268
15221409405
15225181654
15227315128
15239404971
15244660088
15249796376
15250996380
15253167673
15257953526
15258859453
15260777860
15261217875
15263265615
15267419959
15267680206
15268181489
15268709806
15270244703
15270568146
15271830939
15284789639
15287706606
15298339833
15298800560
15299940530
15300056665
15302749791
15303984191
15312108365
15317321279
15332455721
15336575327
15336933959
15347432955
15355121226
15355337231
15355458661
15355791980
15356966016
15358839757
15360000097
15360161842
15360583074
15360934907
15364230697
15366231172
15366998828
15374036266
15385188898
15397159587
15502598777
15511427641
15513647980
15515241199
15515739599
15516933433
15517164951
15518090202
15529829002
15532737111
15535561512
15537587072
15538089208
15538383737
15538643986
15539505552
15542735213
15550585910
15559821111
15573157340
15579615666
15581836336
15591061888
15591710171
15601832239
15605043923
15608886336
15618394513
15618542882
15623033036
15624962448
15636510502
15636965631
15637819864
15638035963
15639030507
15640896500
15650103515
15650256111
15653195025
15653255862
15656063225
15659365105
15660770003
15665562297
15667875756
15669887593
15670982898
15674929442
15686002562
15689159562
15689719228
15689952826
15700723703
15707900241
15708868994
15713541603
15723891855
15724714563
15726211182
15727010802
15732643821
15750780499
15751247879
15754128877
15755051845
15777144883
15801497969
15806580256
15807207971
15807486151
15810007254
15812164198
15814193616
15815802223
15818500224
15823328683
15823771688
15824077864
15824355568
15840472754
15840986797
15843809995
15845404099
15845678095
15850304436
15850812925
15850980619
15851575100
15854937828
15860387192
15862209685
15862230155
15866413736
15869566806
15872402904
15875865752
15880585885
15883650610
15886780600
15900965707
15905667657
15905889842
15906761548
15916690579
15917910550
15918801998
15920425199
15921799067
15924287221
15925678820
15926397313
15935950220
15936245611
15936278915
15942566989
15950264526
15954767282
15957987111
15958415999
15958729699
15959593153
15962497607
15963921213
15967176699
15972200813
15972553487
15975202087
15975517866
15980325678
15989118299
15989670518
15996121576
15996125586
15998020610
15999344404
16526016888
16602019618
16603637510
16605134753
16605175519
16606272049
16607227190
16609166020
16620168358
16622816669
16628750670
16630110153
16675813565
17022628888
17061166788
17107734395
17121844666
17159982455
17181576923
17228840867
17260370989
17280963193
17300062360
17301050377
17303268023
17303948810
17305641869
17308327399
17308752950
17311122233
17313674080
17322731711
17323555833
17338350418
17338646846
17341517226
17349900452
17353525384
17355514259
17367112871
17368741594
17369666868
17378278161
17380531872
17385896656
17502100527
17504502052
17508296789
17515054869
17520078173
17521307209
17554217369
17603003952
17608250999
17608507473
17611058196
17611157029
17611157120
17611388038
17612086120
17614220950
17623079316
17623165905
17626015391
17633717156
17633847090
17660558493
17665042405
17666066006
17669719235
17685759820
17689890392
17689981877
17691145333
17695900525
17701157865
17701913299
17701916171
17703605588
17705845659
17706174440
17706596937
17706815593
17710225456
17710285214
17715279701
17716113097
17722817597
17726712703
17726997070
17727805876
17731774141
17734355727
17736447567
17737539891
17739657217
17741188225
17750592073
17752932498
17753511342
17753669169
17753669619
17755533008
17755762791
17757560880
17762834343
17768172215
17769173683
17784459543
17797753990
17797933947
17798518818
17804443564
17805297936
17816505299
17817031312
17821441816
17832669564
17841318336
17853502902
17856296401
17857902965
17857921236
17858937066
17862289577
17870474193
17873372711
17888676351
17957921236
18000719614
18006446262
18006557501
18008887963
18010097225
18012780067
18014420277
18015698619
18016223016
18021775398
18025307317
18032935599
18037066660
18038184583
18046446441
18046667889
18049223673
18053248923
18055658678
18057555565
18058539017
18058558806
18058566532
18058608973
18058754908
18061351182
18069806736
18070536815
18072305528
18072336596
18072700776
18072812027
18073322060
18075903555
18078807621
18086388251
18089519254
18092364143
18096203972
18100891074
18101200625
18101286091
18104762290
18106334564
18106354289
18112162699
18114953133
18115747800
18118716452
18119684327
18122309239
18122353412
18123490563
18126381494
18128781814
18129253060
18131647936
18137295405
18137983339
18138815128
18144807841
18150129611
18150407547
18160011818
18161214562
18162285807
18163876441
18168137220
18174407878
18178062510
18183710968
18189234675
18189505031
18192252137
18201861034
18202083561
18207583856
18216232982
18221509149
18222843030
18226529693
18236585966
18238351053
18240125257
18246162351
18250747706
18252180757
18253288961
18254533121
18257093560
18257164500
18260503095
18262118158
18263127111
18267899642
18270521558
18270560820
18270633831
18276696912
18283300066
18285162097
18304064688
18310984501
18311127831
18312696615
18315268742
18324387034
18324740749
18327205414
18328615493
18330987238
18333730010
18335976106
18337908031
18344206947
18348663636
18351392495
18361238667
18362732467
18368388620
18373308715
18390816654
18392064145
18392522999
18396132435
18404032628
18408283499
18470583858
18482237003
18500395315
18502058925
18504500512
18506928019
18511723769
18513002817
18513078723
18513322039
18515608888
18515900271
18519336415
18520064662
18520556137
18520576118
18520613846
18521036629
18521713333
18529265646
18531042636
18550475048
18559480069
18563073292
18566465443
18567128111
18570384835
18581813676
18583962999
18588874993
18590399313
18591882555
18596093598
18598279596
18600345910
18600609821
18601247737
18603961267
18604525802
18605438933
18605657051
18606778757
18606885861
18606899158
18610545686
18611112441
18611653628
18615775397
18616661319
18617336280
18618390056
18620711943
18621782613
18626002937
18628058589
18629005616
18629322693
18629565763
18630986509
18631036357
18633896206
18634757232
18637569537
18638225568
18638910603
18639897928
18640231122
18650267140
18650497526
18653911962
18654355199
18656168880
18657386620
18660990126
18661702376
18662219300
18662881018
18663242273
18666355611
18666875496
18668100120
18669303955
18669712529
18669907315
18670829222
18671879316
18672738949
18674921888
18674928063
18678964893
18679128268
18679263495
18679525115
18680491613
18681993378
18682338818
18686860555
18688039405
18701580876
18701726166
18705638913
18709189189
18710576124
18713049417
18714545454
18717940635
18719079438
18731199990
18734187147
18741287978
18741842285
18751238323
18760363787
18765269998
18765522992
18768494672
18770062961
18774133927
18780239624
18789892627
18796321338
18804371309
18813254286
18813757076
18815092048
18816852295
18818409082
18820100034
18820457899
18824125531
18825037372
18842384145
18851025010
18855072967
18855559286
18855998878
18856055871
18857550976
18858888888
18866603123
18867500037
18867563740
18867735813
18868768210
18870321597
18874819185
18874880053
18876055305
18889328898
18898338182
18900276515
18900808508
18903895768
18904043482
18904045394
18905202218
18913277761
18917136978
18917757433
18922129675
18923448802
18924025596
18925081009
18926409767
18927515160
18927515670
18928263165
18928905384
18928955818
18929356980
18930619606
18936060676
18936929899
18938004641
18945353729
18947904979
18949881953
18954264575
18955502168
18955621505
18955990790
18957137403
18958777290
18959198336
18959866285
18962111123
18963467071
18966023520
18967916916
18969379655
18969956689
18970838916
18976100087
18976462299
18977471915
18981995453
18983060825
18989407922
18998030660
18999589223
19129967034
19131223986
19155173379
19168324575
19825777837
19830901718
19838558808
19839543198
19844263759
19848333674
19878241119
19881767786
19895965139
19898226483
19901577947
19905927473
19906739371
19917906299
19924327485
19924716908
19926409510
19935169083
19935822527
19937552623
19939066611
19939086066
19941609838
19946868567
19949507640
19951913291
19952302706
19957140869
19966307651
19971642908
19972828470
19974958871
19976698171
19980737271
19986121231
19989008676