13011113388
13019374411
13021835222
13023615613
13027100652
13027827555
13029335168
13036795280
13052531139
13052555333
13055556756
13060985111
13065052257
13068882222
13070216545
13076857205
13095897165
13117287190
13118827833
13122892099
13141843545
13153288633
13155268303
13157959056
13175137683
13191282398
13195577002
13199282457
13205569933
13226146718
13227786860
13249066995
13265628936
13267907988
13275105609
13290771335
13301236564
13305916686
13306601309
13312978044
13320548209
13322804850
13329217155
13333264789
13333277365
13359933462
13361269110
13382189520
13385012756
13400977660
13402940851
13413510278
13415879428
13428930461
13430410031
13450667012
13464262649
13480333025
13504991981
13514304381
13515680335
13521042785
13524949495
13530330287
13542167617
13543213213
13544526903
13555991225
13559402991
13570400298
13580159339
13584338810
13593240520
13593597735
13593882947
13596608908
13599251839
13602274579
13626696310
13631576379
13638382656
13641025058
13645871685
13655727832
13656033608
13669275189
13671907265
13678094844
13681968037
13682524152
13698819018
13701451777
13701886658
13705460316
13707182757
13707213577
13711112060
13711555615
13713092812
13720048547
13722268881
13723263148
13733039789
13735513480
13750450051
13758447453
13759969892
13760398651
13764720257
13773063303
13776104689
13785231664
13785275981
13798804219
13799071252
13799369061
13799837668
13802981580
13807745057
13810816885
13811181092
13813379631
13813687414
13821824212
13823721483
13826158372
13831778182
13832343849
13844864645
13846231893
13858855167
13858961822
13867010567
13878010030
13888504374
13906130483
13906798947
13910220115
13924309001
13930998164
13937008733
13946666220
13957333339
13959191937
13959522830
13963347533
13972197813
13975986925
13978483158
13979038852
13989687576
15017518944
15024546393
15052777688
15057318278
15057830677
15059217677
15059310081
15063322097
15066244179
15067830890
15072428589
15080146810
15081126789
15088795701
15092086477
15101164263
15103119873
15111336651
15119124380
15130119261
15137900597
15156409518
15161365251
15181115379
15195733015
15197843986
15203128868
15212346588
15221933503
15226892230
15239781118
15242671101
15252212271
15256742222
15258935789
15304523690
15311266805
15325691849
15337135212
15338988006
15350688547
15351728248
15353188679
15360660583
15365673111
15366535666
15371539218
15380132620
15380276843
15382394906
15394426823
15398627263
15546178697
15555553325
15566873675
15567017555
15584386699
15591005608
15601654288
15608813076
15612705259
15613957981
15616453332
15619812132
15622388360
15623285826
15629680391
15631601182
15636801399
15652727713
15657791691
15666421918
15670768618
15681106669
15687757745
15695874559
15708899191
15751237666
15755058019
15780908996
15803800050
15820290009
15826467241
15833169062
15837030056
15840959286
15844032222
15859515477
15874821172
15876560085
15895780900
15900015136
15906115158
15910286988
15911096527
15932042267
15954308240
15958172032
15960401985
15961212620
15961501143
15963280018
15973175010
15973969908
15980158436
15983303393
15990044445
15998820951
15999767058
16603030744
16605756428
16621049059
16621067711
16631786696
16650620708
17159637765
17302695391
17313053223
17317296205
17322815586
17327182205
17331662872
17335262255
17347921236
17364878188
17365882585
17369969572
17373027002
17385896650
17557099160
17600663319
17600876050
17603512347
17608842804
17609960935
17632003663
17635718666
17642064912
17661912062
17677349495
17679113286
17682318398
17683722589
17683804224
17700653930
17710209861
17714261083
17715257425
17721291432
17724279056
17732809359
17739733632
17740554929
17746075889
17746078889
17750690087
17757298515
17763774432
17770616554
17770782050
17810778185
17816241083
17816923260
17853980154
17854208529
17860795136
17862152339
17876257999
18000179614
18006515595
18015648359
18015687562
18034075012
18049208613
18050153315
18057146739
18060233730
18063366853
18065697829
18067810202
18072860066
18081698963
18092152746
18098974641
18099662545
18100325605
18103160081
18108318857
18120659935
18124606833
18125217305
18126810963
18128851671
18132702813
18135939333
18148799770
18165809620
18168139771
18170695995
18180814004
18182435657
18185057541
18187525120
18207601023
18217059702
18231137027
18244066666
18250379175
18250514560
18257834163
18257855735
18261187588
18262835791
18267428215
18273114425
18298307733
18312933883
18316870268
18317897915
18329018592
18341791663
18359925876
18359946042
18360509806
18361588518
18361985081
18367123998
18380398324
18405254366
18465122111
18500927211
18501687605
18502064475
18511396518
18514402690
18518019993
18520522298
18520628163
18539058033
18539598116
18555010630
18561101718
18561982195
18565590499
18566875055
18568669233
18569685532
18573003874
18579065196
18600041612
18609258834
18612977280
18621953119
18626264211
18629392060
18636660659
18637287259
18638995310
18640115410
18643211940
18643215434
18647845007
18653580831
18660015181
18660111337
18660967737
18662306932
18664186207
18665892595
18669852239
18672306311
18672537504
18676855727
18679723751
18695079728
18706395224
18708520202
18710677707
18718888175
18726344884
18736601370
18743912575
18756096961
18757639966
18757768557
18757971753
18758595974
18762723223
18766263661
18782873833
18803735198
18807285686
18818218294
18823666217
18825053154
18827583880
18830979799
18835807736
18839196026
18858918330
18865050485
18867518420
18867945632
18873673710
18876406250
18879886987
18896703998
18902229568
18902757713
18903059678
18903067398
18923917072
18928873742
18929552529
18934907528
18938651435
18958993515
18966332305
18967265696
18972005592
18980277715
18984731280
18992798700
18995729279
19131775643
19137615828
19167130823
19176612646
19805055575
19857062439
19898886573
19904805347
19906909666
19925371301
19937853870
19945112567
19948161961
19971987519