13011113388
13076857205
13191282398
13305916686
13333264789
13333277365
13504991981
13593240520
13593597735
13723263148
13735513480
13785275981
13811181092
13821824212
13831778182
13910220115
13930998164
15063322097
15066244179
15092086477
15103119873
15130119261
15203128868
15226892230
15258935789
15612705259
15613957981
15631601182
15666421918
15833169062
15963280018
16621067711
16631786696
17331662872
17732809359
17770616554
17853980154
17854208529
17860795136
18049208613
18063366853
18103160081
18132702813
18135939333
18148799770
18500927211
18511396518
18561101718
18561982195
18600041612
18637287259
18660015181
18660111337
18660967737
18669852239
18865050485
19948161961