18510927211
18810489463
18500898656
13152010321
13366573072
17720176787
18701330885
18595812923
15387333677
13810214431
13691086078
13581885921
18571106560
15124597727
13302041985
18301357061
18811554755
18899755409
13466653364
17600941068
15701329068
13716192015
15084840431
16601347844
18648350095
13311179199
13269112071
13520772759
15600129501
15922053520
13241777366
18410009920
13220199103
15510296973
19979785530
17080050765
18511526952
13126709187
13121573882
17724246602
18622258116
15132662018
17052720600
15624102713
13051893995
13810536632
18811454755
19848333694
14755670007
18561361726
19979785530
18359482739
13693693688
18519843364
13752591718
18312846715
18246069104
13070130363
17728065755
13261236950
13501390316
13526986680
17346574302
18612187946
15602090442
13269185499
15001233380
15963939769
18826138687
13146820353
18612058352
18600023597
17052720600
15810986030
15210112668
13971305402
15051011875
13810213506
17338168026
13838550461
18606500485
13247572888
18920667296
18232738993
19168286110
15101111066
17724246602
13066009816
15110113915
13011822261
18221112425
18701451776
19903804275
18888823695
13718850208
13720086332
18611723792
18232738993
13247572888
17080050765
13581999553
18713049417
13651353826
13311266357
15110162238
13810439302
18612317322
13321195095
18221112425
13810636353
13410718622
15810371514
13661097993
18975528180
15736741771
18910548103
18561361726
18511521582
13811545303
13821824212
18654355199
15252890268
15701644373
15022098090
18663962251
18310582173
17660240063
15320074912
13629166169
18065592208
18511271850
18953755311
13811455799
18410100921
17080050765
18050996661
17724246602
18301357061
18758828183
13241167670
15313122939
13263133013
17778014021
13366788019
13111761865
18514673831
17052720600
13691086078
19848333694
17724246602
18510927211
17718306586
13556134602
18675761965
18225280349
18510927211
15010197848
13521486292
13121573882
18622088701
18701601017
17806166726
18611004845
128135986036
13011900768
13023988978
13048998992
13053819887
13065027888
13084528588
13103390619
13121573882
13126820506
13127051885
13146820353
13153328967
13176360026
13186165203
13191981991
13210590565
13231165308
13244510357
13261236950
13269112071
13275396327
13284721662
13287421662
13290621666
13302041985
13310670610
13311266357
13321195095
13336351838
13341225364
13356934039
13356934237
13366573072
13373072535
13377239305
13380056312
13385498386
13393062692
13393062693
13403311163
13410718622
13431039227
13431039250
13453111706
13455291441
13465553111
13478800070
13501390316
13512978879
13522180532
13546368580
13555929307
13570882331
13581635386
13581885921
13582001950
13583215133
13583250948
13588791305
13589103188
13611046673
13616320983
13616460456
13621728980
13622053360
13633160311
13643195509
13643373935
13653634418
13663164729
13673295952
13691086078
13691277766
13693693688
13699143422
13701024113
13718538092
13718850208
13720086332
13720988312
13722713492
13722785592
13731222326
13731752601
13752591718
13754809520
13756676334
13780931358
13784332143
13785483410
13791873300
13810936432
13811038787
13811455799
13815707075
13823804815
13824395555
13854261562
13863470606
13864440486
13910906069
13922190089
13931705220
13934881466
13954560927
14701543757
15001233380
15006899191
15010197848
15022098090
15030648456
15051011875
15054508056
15065150001
15069632131
15069732131
15069995375
15075123310
15081209338
15081209388
15084840431
15097570236
15097795595
15110320830
15110326830
15116922624
15124597727
15127779371
15132662018
15132962501
15157155796
15175978737
15184713346
15226915775
15227118816
15230138868
15233983654
15252890268
15253111585
15263626976
15275270623
15298340188
15303166642
15303174963
15313292001
15320074912
15326715851
15333376957
15335425258
15350559879
15369786356
15373112066
15373571819
15376490197
15376981475
15510296973
15532728683
15533375000
15533783641
15534446603
15553579610
15553646038
15562610665
15564588345
15566655222
15602090442
15613384001
15630061502
15632123523
15632622391
15646737877
15663604905
15666871868
15701644373
15725242235
15731734551
15731742818
15731747011
15732188555
15751572583
15763784777
15771296058
15810077442
15810836504
15831254588
15832809099
15833782570
15866185722
15931601182
15963939769
15964430728
15966040019
16561190810
16561190813
16601347844
17001125862
17052720600
17062162656
17080050765
17301246549
17310759807
17325392305
17346574302
17362225757
17367913202
17533626759
17600236503
17600883306
17606250275
17616506908
17660692071
17685810603
17717731596
17724246602
17728065755
17731112979
17731774066
17731896235
17734380701
17734564422
17753535436
17753535474
17753535491
17753595248
17754366913
17763567750
17770634320
17806230558
17851836018
17853833568
17861432221
17862923599
18029377675
18032641570
18032777771
18032905171
18035178554
18050996661
18053191838
18053744261
18063235437
18065592208
18115858527
18132261981
18132561738
18170691821
18210601876
18210615801
18221112425
18232738993
18246069104
18254422281
18265105750
18266908623
18267238527
18270079796
182700797996
182700798796
18301357601
18303157061
18310601876
18318202575
18331635676
18331685676
18331695676
18331955593
18333729910
18337636520
18357637355
18359482739
18364112395
18364170205
18369379627
18390731898
18404805977
18406594164
18453000027
18504771180
18510927211
18511271850
18511521582
18511526952
18514673831
18531608681
18561087314
18561361726
18600951682
18603726670
18607975500
18611004845
18611100612
18611920975
18612058352
18612595918
18612635018
18613158618
18630227730
18636303331
18636679992
18648350095
18653288371
18660198512
18661441097
18662538982
18663962251
18668902742
18669477989
18678232127
18693097027
18714115515
18721343221
18731780824
18737827808
18763880773
18765259998
18802088282
18811554755
18831126120
18832769081
18835927291
18863929908
18865186222
18865682591
18865714586
18866872999
18920667296
18924315421
18929582443
18931159554
18931267259
18931770568
18932792732
18953751022
18953755311
18954100185
18954581734
18991363308
18997370922
19168286110
19801758707
19881657605
19890559044
19895277179
19903804275
19913145745
19931145771
19933217356
19935377022
19979785530
