13028664651
13030870871
13111761865
13126709187
13175620777
13176147676
13220875013
13233649563
13247572888
13256620175
13313130288
13315145620
13315760825
13370842137
13371371942
13373237503
13453402115
13613361736
13673171742
13693553372
13722090403
13790088860
13853814447
13863395623
13864847458
13947936236
13964209173
14784755379
15047938621
15053907512
15128713955
15194213561
15227359876
15306337700
15333269685
15384713045
15510029008
15550296006
15550909678
15561133130
15563679773
15600129501
15612189969
15612701421
15630586639
15630793944
15630794222
15647421579
15653650635
15668463544
15760716756
15762267356
15762838068
15806059758
15806089758
15810371514
15833376082
15833929250
15835989456
15839929250
15853233538
15853410788
15901274121
15930144104
15930190333
15932601681
15964178718
16647557873
16678628276
17161629888
17246574302
17338168026
17367747796
17641540390
17652218830
17720176787
17763251284
17772695173
17862347318
18053911200
18103270291
18105348056
18211188046
18233716432
18270787645
18317050836
18324456912
18364589465
18410009920
18516927112
18531608690
18533092960
18560215051
18586011440
18600441998
18611723792
18630659494
18630680168
18633090325
18633340838
18660499997
18663058170
18669491818
18678596971
18713800353
18864913730
18867950922
18931137981
18931271759
18963037668
19803277756
19882116616
19933745999