13190888859
13220138888
13220931068
13403292700
13613423595
13621562508
13624562508
13653425028
13695384890
13718310308
13910516070
15069029736
15092973444
15133777587
15153155710
15166099920
15224272225
15266111629
15297629070
15508608925
15533646924
15694070506
15703557427
15831886422
15910613525
17333626759
17710830586
17731930562
18033090325
18103325712
18118784601
18235240677
18253154685
18266652050
18369687970
18500898656
18506329303
18557637355
18571106560
18611642442
18713777981
18731664220
18765542664
18853128890
18916057061
19145425213