13191981991
18769634728
17062162656
15771296058
15333113453
13673295952
17703274669
18254422281
15194912227
13485079398
13954560927
18630227730
18765259998
17853152232
13373237503
15335425258
17367913202
18731780824
15669887593
18561361726
15163957611
15931601182
13633160311
17062162656
17806230558
13613361736
13723650384
17660707231
18178393380
13065027888
13963982376
15511381128
15753421205
16619855624
18931137981
19933217356
15376077937
17870474193
15064569592
15668166417
15866643993
18630626362
18660198512
18531608681
15832543787
13603564434
17600236503
15097795595
18607975500
18266908623
13546368580
17734102085
17763567750
15076770990
18615607272
17331267000
19806298233
15701204328
18513041233
15689653717
15634383082
17664111138
18954100701
18174571513
17612925502
18265100380
15832995128
15804303886
15054359377
13173365382
18035178554
18903390740
15966069595
18253123017
13231165308
13393062693
15552220315
13180162156
17563597203
18032905171
13520633208
18633090325
17860574614
17753535491
15297391997
19983754400
18357637355
13589103188
18369989535
18963005687
15830720587
15288854777
13485346746
17806166726
15762267356
13774959666
13310635091
15376981475
17507242323
17716517578
18053514783
13501060201
13699143422
15591862790
18265971497
15503233268
18104672290
13854261562
17862347318
15653650635
18954581734
13693298183
18637287259
18561361726
13933272488
18710023206
13824440588
13828688037
15588782890
13176360026
18830110202
18663058170
19890559044
15662465566
18668902742
13233649536
14701543757
13031857658
18547186530
13333264789
15588770256
18660111337
13505575559
16730571177
13818872779
13294623333
15866643993
15097570236
18963037668
18991041175
13011113388
17600883306
18364589465
15350559879
15068183675
18929582443
15184713346
15372463314
13210590565
14784755379
18500201031
13731752601
13373235302
18561361726
13673171742
18053642008
13785483410
18660015181
18611384887
15653868818
15332455721
15227118816
15910182755
13823804815
15903491092
15053907512
13303328346
18630385672
13171757277
15833929250
15303166642
15006899191
18513098416
18331955593
13255693341
13606359421
15963863398
15508691616
15032070573
15589108729
15615675665
18865921079
17115980008
18265105750
18661441057
15554566555
18653560709
18612595918
15621000091
18155482822
13780931358
18634757232
13718538092
17563516182
19832792732
19145425213
15166366990
15372410497
13343285751
15689719228
15553579610
13947414532
15533375000
15030648456
17853833568
18561436983
13175620777
18364112395
13616460456
18233716432
15633332888
18004701371
15949873626
15589626382
15154645567
15531885188
18561361726
18953751022
18364112395
13255693341
13910516070
19801858222
15630586639
19913145745
13613361736
15762838068
18596093598
15326715851
13220875013
18006368346
13935950497
19913145745
15612189969
17804716800
15318666191
18811603469
13341225364
17663033606
15532272223
13341225364
15561133130
13103390619
15049052292
13225317160
18513189893
18533092960
15689753388
18661441057
18331685676
15833376082
18053592065
15532728683
13341225364
18053248923
15613957981
13795141730
15666421918
18660499997
18633706603
15359313061
15832995128
15075123310
13453396257
18954100185
18032777771
15175978737
18562558817
15731734551
18663962251
18586011440
17860697903
15373571819
15832809099
13028664651
13065052257
19882116616
15581836336
15376490197
18633340838
13931705220
15258863967
17611134338
13431039227
13031707525
18554827010
13780247666
15069632131
18678596971
13385498386
18253281281
18656287001
15092172777
17772695173
18515913416
18561103389
18003122222
18931159554
18063235437
15128713955
15646737877
18561087314
19953676849
15081209388
18390731898
13403311163
17563597203
15801696786
17608250999
15053528295
18561361726
13181312333
15253111585
17353982111
18931770568
15230138868
13315760825
15008445086
15361645170
15830772140
15081209388
17831030001
13075329258
17664617030
13156365073
16631154376
15963939769
13790088860
15326715851
13616460456
18560215051
13431039227
15731747011
13810936432
17753595248
18862172773
13559731664
18631683978
13373072535
13082199099
18270079796
18731780824
13315963830
13362975690
17660707231
13053948883
15835483005
17330240922
18115858527
18954100185
18596258999
18864913730
13593240520
18713777981
13784332143
18406594164
18663058170
15376571419
15632622391
13315145620
13335083404
15163957611
18300101905
15315507145
15589779339
18669491818
13589719815
15634358976
15831922697
13864440486
13722713492
15964178718
17763363730
17754366913
13552410116
17805394092
18663962251
17320550902
13935140340
15930144104
18653550282
13012180069
13643373935
17753272669
13621562508
15110320830
15081288348
18254222111
15069995375
18035178554
18954759565
15630794222
15689277372
17861432221
17852013711
18954100185
17367747796
17660692071
13145326693
16631786696
18753660333
13466607703
18865714586
15584630330
13302084742
15298340188
13255693341
15065984333
18562802273
18330717577
13793623552
17388109923
15563679773
15668463544
15054265850
13453111706
15853410788
15127779371
13176147676
18663962251
18135178561
15373112066
13853814447
18669477989
15668463544
15234130775
15027788653
17052720600
18318202575
15253167673
13186165203
18053514783
13047421167
15613966658
13722922477
17660959666
15233983654
15532157289
13722090403
15866185722
18103191510
18103270291
18832477118
17729794407
15054508056
13284721662
13478800070
13127051885
18561361726
15702122619
15003177102
17734564422
18362732467
13206300632
15303174963
17062162656
18661441097
15047932507
13371377514
13231711213
13280596170
13731736267
13953950180
18693097027
18404805977
15966040019
13791873300
15065150001
15163535879
15833782570
13361358577
15535969866
13508920506
18636679992
13730910618
19803277756
17753595248
18561101718
15279801748
15984587730
17734933490
18954100185
17731896235
17062162656
17731919797
13011900768
18369379627
15345435865
13582722822
15715810517
18032605559