13001666327
13011822261
13012180069
13012799365
13021090685
13032267116
13032688897
13046038670
13047421167
13051891707
13053948883
13061139533
13061165108
13066009816
13070130363
13073150386
13081625788
13096586207
13105396908
131126673278
13120058856
13121522911
13121789157
13126673278
13156365073
13161470877
13167385994
13173096888
13181312333
13184035366
13184577920
13207547756
13210888606
13220149224
13225317160
13231201550
13231711213
13233649536
13245406206
13245468557
13255693341
13256253123
13256889990
13263133013
13264490356
13269185499
13290197887
13296338026
13303328346
13306487743
13311179199
13315963830
13323458986
13343285751
13355017657
13355446111
13357155065
13361295201
13361358577
13363358828
13363418496
13365401116
13366788019
13371374659
13371377514
13376422921
13386418168
13391516020
13391974439
13453452664
13455815361
13466607703
13466653364
134787800070
13482969318
13485079398
13485346746
13485386746
13488833431
13512683150
13520030297
13521938370
13552595478
13552818714
13556134602
13559872995
13561463718
13562666135
13573285565
13581526578
13582108456
13582197962
13582817127
13603564434
13610692996
13629166169
13661097993
13661231838
13666367651
13683508812
13693298183
13722224078
13728687863
13731736267
13795141730
13805408917
13810115103
13810214431
13810236204
13810675050
13810731458
13810815485
13811263425
13811413045
13818872779
13828688037
13833629911
13838550461
13863554110
13910589884
13911266709
13933272488
13933939884
13934373222
13953950180
13954077316
13963982376
139824400737
13994980435
14622053360
14768791998
15006485300
15010158623
15029853971
15031169976
15032622328
15034120908
15035447232
15035916033
15035916603
15063080638
15064649669
15065351177
15076632875
15076770990
15092172777
15092983017
15100797115
15122555151
15122771317
15123361317
15131815886
15132890788
15154486522
15154523666
15166366990
15168937071
15169911758
15175386444
15179332381
15182513377
15200034833
15200038433
15203311208
15203373666
15206876332
15210112668
15233213999
15275432610
15288854777
15297391997
15313122939
15314020581
15321532387
15333011725
15342089535
15364627171
15372463314
15373999698
15376315382
15383594001
15386315382
15388084297
15389720402
15396560572
15510332508
15511627160
15512849106
15532272223
15535938849
15553352345
15584630330
15588309656
15588770256
15588782890
15589019990
15589108729
15589626382
15591862790
15600289625
15601304703
156032389388
15603289388
15610671178
15612137706
15613966658
15615082269
15615675665
15617756533
15620003448
15621887077
15625817234
15630208888
15632957799
15634358976
15648568278
15666664425
15684070506
15684232353
15688552881
15701204328
15725238296
15734358976
15736741771
15753033228
15753421205
15760734287
15800958797
15801553854
15801666286
15801696786
15806602167
15810313167
15810986030
15811446380
15831479098
15835483005
15871737420
15880044339
15901226434
15903491092
15911183040
15930138636
15935945334
15947656999
15953275225
15964504426
15969952073
15998717585
16233983654
16535728888
16561190807
16620158207
17301220092
17301282734
17302159520
17307070678
17310786393
17331267000
17331671661
17505315730
17505317662
17507242323
17526928561
17560611668
17563516182
17563597203
17564102555
17588067051
17600941068
17611060066
17612925502
17622602496
17635297148
17635968349
17640631555
17658258213
17659903311
17660959666
17661867091
17662748399
17662951130
17664111138
17685571173
17685933956
17701359886
17702063533
17703274669
17705376218
17716517578
17729055832
17732621550
17733222344
17733605176
17734370701
17734933490
17735902889
17736076887
17746841086
17753514630
17753595649
17779386173
17801110881
17803593860
17805394092
17806166726
17808297639
17810301153
17822221509
17831030001
17852013711
17852357437
17854209081
17854251851
17860108680
17860574614
18002146232
18004701371
18006368346
18027475776
18032135955
18046069104
180509966661
18053592065
18053617595
18053642008
18054569968
18102115291
18132567138
18134116844
18135178561
18135986036
18153213392
18203692532
18210761189
18223486653
18227608340
18232732568
18233716462
18233787235
18253265730
18263366635
18265100380
18265771114
18266299073
18266656663
18296571115
183010357061
18303040833
18304683000
18306551551
18311191820
18322437163
18330717577
18331009733
18335420872
18343631180
18353089295
18354250872
18357134387
18366758866
18369188991
18404460895
18435912205
18435983633
18500528815
18500528816
18500859266
18505384838
18513041233
18513098416
18513619986
18513905181
18514702900
18520713454
18525563070
18526524581
18532330325
18533600826
18547639203
18554827010
18562195005
18562336660
18562802273
18563143505
18580610260
18595812923
18596135290
18596252225
18596258999
18600023597
18600446689
18604683000
18604863000
18611384887
18611790308
18612317322
18612345375
18615937002
18618200102
18621283753
18621565763
18622824269
18630385672
18630626362
18630980168
18633233151
18633706603
18634120099
18636134195
18636347337
18640626478
18648185482
18649399201
18649399963
18653247776
18654513837
18654819550
18656287001
18663633270
18665341424
18676383620
18678236066
18701601017
18703358543
18726586521
18733074999
18734877017
18735977017
18758828183
18766111280
18766111283
18801161767
18811603469
18826138687
18830110201
188302769081
18831280040
18853115320
18854495203
18863506516
18863560759
18863590759
18866110046
18903390740
18905317257
18920660296
18928749593
18932538970
18947886593
18953738218
18953870444
18954100701
18957581734
18963392359
18963500084
18965542436
18975528180
18981085472
19177298776
19801758709
19801941225
19861225300
19904510386
19904510387
19928431368
19935759448
19953676849
19967436581
19970436622
19972096910
